1839,24.54
1839,24.54
1839,24.54
1839,24.54
1839,24.54
1839,24.54
1838,24.54
1839,24.54
1838,24.54
1838,24.54
1839,24.54
1838,24.54
1839,24.54
1839,24.54
1839,24.54
1839,24.54
1838,24.54
1838,24.54
1839,24.54
1839,24.54
1839,24.54
1838,24.54
1839,24.54
1839,24.54
1839,24.54
1838,24.54
1838,24.54
1838,24.54
1838,24.54
1839,24.54
1839,24.54
1839,24.54
1839,24.54
1838,24.54
1838,24.54
1838,24.54
1838,24.54
1838,24.54
1838,24.54
1839,24.54
1839,24.54
1838,24.54
1839,24.54
1839,24.54
1839,24.54
1839,24.54
1838,24.54
1838,24.54
1839,24.54
1839,24.53
1838,24.54
1839,24.54
1838,24.54
1838,24.53
1838,24.53
1838,24.54
1838,24.53
1838,24.53
1839,24.53
1838,24.53
1838,24.53
1838,24.53
1839,24.53
1839,24.53
1838,24.53
1839,24.53
1839,24.53
1839,24.53
1838,24.53
1838,24.53
1838,24.53
1838,24.53
1839,24.53
1839,24.53
1838,24.53
1838,24.53
1838,24.53
1839,24.53
1839,24.53
1838,24.53
1838,24.53
1839,24.53
1838,24.53
1838,24.53
1838,24.53
1838,24.53
1839,24.53
1838,24.53
1838,24.53
1839,24.53
1839,24.53
1838,24.53
1839,24.53
1839,24.53
1838,24.53
1839,24.53
1838,24.53
1838,24.53
1839,24.53
1838,24.53
1839,24.53
1838,24.53
1838,24.53
1839,24.53
1838,24.53
1839,24.53
1838,24.53
1838,24.53
1838,24.53
1838,24.53
1839,24.53
1838,24.53
1838,24.53
1839,24.54
1839,24.54
1838,24.54
1838,24.54
1839,24.54
1838,24.54
1839,24.54
1839,24.54
1839,24.54
1838,24.54
1839,24.54
1839,24.54
1839,24.54
1839,24.54
1839,24.54
1839,24.54
1839,24.54
1838,24.54
1839,24.55
1839,24.55
1839,24.55
1839,24.55
1839,24.55
1838,24.55
1838,24.55
1839,24.55
1839,24.55
1839,24.55
1839,24.56
1839,24.56
1839,24.56
1839,24.56
1839,24.56
1839,24.56
1839,24.56
1839,24.57
1839,24.57
1839,24.57
1839,24.57
1839,24.57
1840,24.57
1840,24.58
1840,24.58
1840,24.58
1839,24.58
1840,24.58
1840,24.58
1840,24.59
1840,24.59
1840,24.59
1840,24.59
1840,24.59
1840,24.61
1840,24.61
1841,24.61
1840,24.61
1840,24.61
1840,24.62
1841,24.62
1840,24.62
1841,24.62
1841,24.63
1841,24.63
1841,24.63
1841,24.64
1841,24.64
1841,24.64
1841,24.65
1841,24.65
1842,24.65
1842,24.65
1842,24.66
1842,24.66
1842,24.67
1842,24.67
1842,24.67
1842,24.68
1842,24.68
1842,24.68
1842,24.69
1843,24.69
1842,24.69
1843,24.71
1843,24.71
1843,24.71
1843,24.72
1844,24.72
1844,24.73
1844,24.73
1844,24.74
1844,24.74
1844,24.74
1844,24.75
1844,24.75
1845,24.76
1845,24.76
1845,24.77
1845,24.77
1845,24.78
1845,24.78
1845,24.79
1845,24.79
1845,24.81
1846,24.81
1846,24.82
1846,24.83
1846,24.83
1846,24.84
1847,24.84
1847,24.85
1847,24.85
1847,24.86
1847,24.87
1848,24.87
1847,24.88
1848,24.88
1848,24.89
1848,24.89
1848,24.91
1849,24.91
1849,24.92
1849,24.92
1849,24.93
1849,24.93
1849,24.94
1850,24.95
1850,24.96
1850,24.96
1850,24.97
1851,24.98
1851,24.98
1851,25.01
1851,25.01
1852,25.02
1852,25.03
1852,25.04
1852,25.05
1852,25.05
1852,25.06
1852,25.07
1852,25.08
1853,25.08
1854,25.11
1854,25.12
1854,25.12
1855,25.13
1855,25.15
1855,25.16
1855,25.16
1855,25.17
1855,25.18
1856,25.19
1856,25.19
1856,25.21
1857,25.22
1857,25.23
1857,25.23
1858,25.24
1858,25.25
1858,25.27
1858,25.28
1858,25.28
1859,25.29
1859,25.31
1859,25.32
1860,25.34
1860,25.35
1861,25.35
1861,25.36
1861,25.37
1861,25.38
1862,25.41
1862,25.42
1863,25.43
1863,25.44
1863,25.45
1864,25.47
1864,25.48
1864,25.49
1864,25.51
1865,25.52
1865,25.53
1865,25.55
1866,25.56
1866,25.57
1867,25.58
1867,25.59
1867,25.61
1868,25.63
1868,25.64
1868,25.65
1869,25.66
1869,25.67
1870,25.68
1870,25.71
1871,25.72
1871,25.73
1871,25.74
1872,25.75
1872,25.76
1872,25.79
1873,25.81
1873,25.82
1874,25.83
1874,25.85
1875,25.86
1875,25.88
1875,25.89
1875,25.91
1876,25.92
1877,25.93
1877,25.94
1877,25.96
1878,25.98
1878,25.99
1878,26.01
1879,26.02
1879,26.03
1880,26.06
1880,26.07
1880,26.09
1881,26.11
1882,26.12
1882,26.14
1882,26.16
1883,26.18
1883,26.19
1884,26.21
1884,26.22
1885,26.23
1885,26.26
1885,26.28
1886,26.29
1887,26.31
1887,26.33
1888,26.35
1888,26.38
1888,26.39
1889,26.41
1890,26.42
1890,26.44
1890,26.45
1891,26.47
1891,26.51
1893,26.53
1893,26.54
1893,26.56
1894,26.57
1894,26.61
1895,26.64
1896,26.65
1896,26.67
1897,26.68
1898,26.71
1898,26.75
1899,26.76
1899,26.78
1900,26.81
1901,26.85
1901,26.86
1902,26.88
1903,26.91
1904,26.93
1904,26.97
1905,26.98
1905,27.01
1906,27.03
1907,27.05
1907,27.07
1908,27.11
1909,27.14
1909,27.16
1910,27.18
1911,27.19
1911,27.23
1912,27.25
1912,27.27
1913,27.29
1914,27.31
1915,27.34
1915,27.38
1916,27.41
1917,27.44
1918,27.46
1919,27.47
1919,27.51
1919,27.53
1920,27.55
1921,27.57
1921,27.59
1922,27.61
1923,27.63
1923,27.67
1924,27.69
1924,27.71
1925,27.73
1926,27.75
1926,27.77
1927,27.81
1928,27.83
1928,27.85
1929,27.87
1929,27.89
1931,27.91
1931,27.95
1931,27.98
1932,28.01
1933,28.04
1934,28.06
1935,28.08
1935,28.12
1936,28.15
1937,28.17
1937,28.19
1938,28.21
1939,28.23
1939,28.28
1940,28.31
1942,28.34
1942,28.37
1943,28.39
1944,28.41
1945,28.46
1945,28.48
1946,28.51
1947,28.55
1948,28.57
1949,28.62
1949,28.64
1951,28.66
1951,28.68
1951,28.71
1952,28.73
1953,28.75
1954,28.81
1955,28.85
1956,28.87
1956,28.91
1958,28.97
1959,28.99
1959,29.02
1960,29.04
1961,29.07
1962,29.09
1963,29.14
1963,29.17
1964,29.19
1965,29.22
1965,29.24
1967,29.27
1967,29.29
1968,29.34
1969,29.37
1969,29.39
1970,29.42
1971,29.44
1972,29.47
1972,29.52
1974,29.55
1975,29.57
1975,29.61
1977,29.65
1978,29.68
1978,29.73
1980,29.75
1980,29.78
1981,29.81
1982,29.83
1983,29.86
1983,29.92
1984,29.94
1985,29.97
1986,30.01
1987,30.05
1988,30.08
1989,30.13
1990,30.16
1990,30.19
1992,30.22
1993,30.24
1993,30.27
1995,30.31
1996,30.38
1997,30.41
1998,30.44
1998,30.47
1999,30.52
2001,30.58
2002,30.61
2002,30.64
2004,30.67
2005,30.72
2007,30.79
2008,30.81
2008,30.84
2009,30.87
2010,30.92
2012,30.99
2013,31.02
2014,31.05
2015,31.08
2016,31.11
2016,31.14
2017,31.22
2019,31.26
2020,31.29
2021,31.32
2022,31.35
2023,31.41
2024,31.44
2025,31.48
2026,31.52
2028,31.57
2029,31.62
2030,31.69
2031,31.72
2033,31.75
2034,31.79
2034,31.82
2035,31.85
2036,31.91
2038,31.95
2038,31.98
2040,32.01
2040,32.04
2042,32.07
2042,32.14
2044,32.17
2045,32.22
2047,32.27
2047,32.32
2049,32.42
2051,32.47
2052,32.52
2055,32.62
2057,32.66
2057,32.72
2059,32.76
2060,32.82
2063,32.92
2064,32.97
2065,33.02
2068,33.07
2069,33.14
2070,33.17
2071,33.21
2072,33.24
2073,33.27
2074,33.31
2075,33.38
2076,33.41
2077,33.44
2078,33.48
2079,33.51
2080,33.55
2081,33.58
2082,33.65
2083,33.68
2084,33.71
2085,33.75
2086,33.78
2087,33.82
2088,33.88
2089,33.92
2090,33.95
2092,33.98
2093,34.02
2093,34.05
2095,34.08
2095,34.15
2097,34.18
2098,34.22
2098,34.25
2100,34.28
2101,34.31
2102,34.38
2102,34.41
2104,34.45
2105,34.48
2106,34.51
2107,34.55
2108,34.61
2109,34.64
2110,34.68
2111,34.71
2112,34.74
2113,34.77
2113,34.81
2115,34.87
2115,34.92
2118,34.97
2118,35.02
2120,35.12
2123,35.16
2124,35.19
2125,35.22
2126,35.25
2126,35.29
2127,35.35
2128,35.38
2129,35.41
2130,35.45
2131,35.48
2132,35.51
2133,35.57
2134,35.62
2136,35.67
2138,35.72
2139,35.76
2140,35.82
2141,35.85
2142,35.88
2143,35.91
2144,35.94
2145,35.98
2145,36.04
2147,36.07
2147,36.12
2149,36.16
2150,36.19
2151,36.25
2152,36.28
2153,36.31
2153,36.34
2154,36.37
2155,36.42
2157,36.49
2159,36.52
2159,36.55
2160,36.58
2161,36.61
2162,36.64
2163,36.72
2165,36.77
2166,36.82
2168,36.88
2169,36.92
2170,37.01
2171,37.05
2173,37.12
2174,37.19
2176,37.23
2177,37.32
2179,37.37
2180,37.42
2181,37.46
2182,37.51
2184,37.56
2185,37.61
2187,37.72
2190,37.82
2192,37.92
2195,38.02
2198,38.16
2200,38.21
2201,38.26
2203,38.31
2205,38.41
2206,38.47
2207,38.52
2209,38.57
2210,38.62
2212,38.67
2213,38.72
2215,38.82
2216,38.87
2217,38.92
2219,38.97
2220,39.02
2222,39.08
2224,39.18
2225,39.23
2227,39.28
2228,39.33
2230,39.38
2231,39.43
2232,39.48
2234,39.58
2236,39.63
2237,39.68
2238,39.73
2239,39.78
2241,39.83
2242,39.88
2244,39.97
2245,40.02
2247,40.07
2248,40.12
2250,40.16
2251,40.21
2252,40.32
2255,40.42
2258,40.49
2259,40.54
2261,40.58
2262,40.67
2263,40.72
2264,40.77
2265,40.81
2267,40.85
2268,40.92
2271,41.03
2272,41.08
2273,41.12
2274,41.16
2275,41.21
2277,41.25
2278,41.33
2279,41.38
2280,41.42
2281,41.46
2283,41.52
2285,41.62
2286,41.66
2287,41.72
2289,41.78
2291,41.82
2292,41.92
2294,41.98
2295,42.02
2296,42.06
2298,42.12
2299,42.22
2300,42.26
2302,42.32
2304,42.37
2305,42.41
2306,42.49
2307,42.52
2308,42.56
2309,42.62
2311,42.68
2312,42.71
2313,42.78
2314,42.82
2315,42.86
2316,42.89
2317,42.93
2318,42.96
2319,43.03
2320,43.07
2321,43.11
2322,43.14
2323,43.18
2324,43.21
2325,43.25
2326,43.31
2327,43.35
2328,43.38
2329,43.42
2330,43.45
2331,43.48
2332,43.55
2333,43.58
2334,43.61
2335,43.65
2335,43.68
2336,43.71
2337,43.78
2338,43.81
2339,43.84
2339,43.87
2340,43.92
2342,43.97
2344,44.03
2344,44.06
2345,44.09
2346,44.12
2346,44.16
2347,44.19
2348,44.25
2349,44.28
2349,44.31
2351,44.35
2352,44.38
2352,44.41
2353,44.44
2354,44.52
2356,44.56
2357,44.59
2358,44.62
2359,44.65
2359,44.72
2361,44.76
2362,44.79
2363,44.82
2364,44.85
2365,44.87
2365,44.93
2366,44.96
2367,44.99
2367,45.01
2368,45.04
2369,45.07
2369,45.12
2371,45.18
2372,45.21
2373,45.24
2374,45.26
2374,45.32
2375,45.35
2376,45.38
2377,45.42
2378,45.46
2379,45.48
2380,45.54
2381,45.57
2381,45.62
2383,45.65
2384,45.67
2385,45.73
2386,45.75
2386,45.78
2387,45.82
2388,45.86
2389,45.88
2390,45.93
2391,45.96
2391,45.98
2392,46.01
2393,46.03
2394,46.06
2394,46.08
2395,46.13
2396,46.15
2396,46.18
2397,46.22
2398,46.25
2399,46.29
2400,46.31
2400,46.34
2401,46.36
2402,46.38
2402,46.42
2403,46.47
2404,46.49
2404,46.51
2405,46.53
2406,46.55
2406,46.59
2407,46.62
2408,46.64
2408,46.66
2409,46.68
2409,46.72
2411,46.76
2411,46.78
2412,46.82
2413,46.84
2413,46.86
2414,46.92
2415,46.94
2416,46.96
2417,46.98
2417,47.02
2418,47.05
2418,47.07
2419,47.09
2419,47.11
2420,47.13
2421,47.15
2421,47.17
2421,47.22
2423,47.24
2423,47.26
2424,47.28
2425,47.32
2425,47.35
2426,47.37
2426,47.39
2427,47.42
2428,47.44
2429,47.48
2429,47.49
2429,47.51
2430,47.53
2430,47.55
2431,47.58
2431,47.62
2433,47.63
2432,47.65
2433,47.67
2434,47.68
2434,47.72
2435,47.74
2435,47.75
2436,47.77
2436,47.79
2437,47.81
2437,47.82
2438,47.86
2438,47.88
2439,47.89
2439,47.91
2440,47.93
2440,47.95
2440,47.98
2441,48.02
2442,48.03
2442,48.05
2443,48.07
2444,48.09
2443,48.12
2444,48.14
2445,48.16
2446,48.17
2446,48.19
2447,48.21
2447,48.24
2447,48.26
2448,48.28
2448,48.29
2449,48.31
2449,48.33
2450,48.34
2450,48.38
2451,48.39
2451,48.41
2452,48.43
2452,48.44
2453,48.46
2453,48.49
2454,48.51
2454,48.52
2455,48.54
2455,48.55
2456,48.57
2456,48.62
2457,48.63
2457,48.65
2458,48.66
2459,48.68
2459,48.69
2459,48.72
2460,48.74
2460,48.75
2461,48.77
2461,48.79
2462,48.82
2462,48.85
2463,48.87
2463,48.88
2463,48.92
2464,48.93
2465,48.96
2465,48.97
2466,48.99
2466,49.02
2467,49.04
2467,49.07
2468,49.09
2469,49.12
2469,49.14
2470,49.16
2470,49.17
2471,49.22
2471,49.24
2473,49.25
2473,49.27
2473,49.28
2473,49.31
2474,49.33
2474,49.35
2475,49.36
2475,49.38
2476,49.42
2477,49.44
2477,49.46
2477,49.47
2478,49.48
2479,49.52
2479,49.53
2480,49.56
2481,49.57
2480,49.59
2481,49.62
2482,49.64
2482,49.66
2483,49.67
2483,49.69
2484,49.72
2485,49.73
2485,49.76
2485,49.77
2486,49.79
2486,49.82
2487,49.83
2487,49.86
2488,49.87
2488,49.89
2488,49.92
2489,49.92
2490,49.94
2490,49.96
2491,49.98
2491,49.99
2491,50.02
2492,50.03
2493,50.04
2493,50.07
2493,50.09
2494,50.12
2494,50.13
2495,50.14
2495,50.17
2495,50.19
2496,50.22
2497,50.23
2497,50.25
2497,50.26
2498,50.29
2498,50.32
2499,50.33
2500,50.34
2500,50.37
2501,50.39
2501,50.41
2501,50.42
2502,50.44
2502,50.45
2503,50.47
2503,50.52
2503,50.53
2504,50.55
2504,50.57
2505,50.58
2505,50.62
2506,50.64
2507,50.66
2507,50.67
2508,50.69
2508,50.72
2509,50.75
2509,50.76
2509,50.78
2510,50.79
2510,50.81
2511,50.82
2511,50.85
2511,50.86
2512,50.88
2512,50.89
2513,50.91
2513,50.92
2514,50.95
2514,50.96
2515,50.97
2515,50.99
2515,51.02
2516,51.03
2516,51.06
2517,51.07
2518,51.08
2517,51.12
2518,51.12
2519,51.15
2519,51.17
2519,51.18
2520,51.19
2520,51.21
2520,51.22
2521,51.24
2521,51.26
2521,51.27
2522,51.28
2522,51.29
2522,51.32
2523,51.34
2523,51.35
2523,51.36
2524,51.38
2524,51.39
2524,51.42
2525,51.43
2525,51.44
2526,51.45
2526,51.46
2526,51.47
2527,51.48
2527,51.52
2527,51.52
2527,51.53
2527,51.54
2528,51.55
2528,51.57
2528,51.58
2528,51.59
2529,51.62
2529,51.62
2530,51.64
2530,51.65
2530,51.66
2530,51.67
2531,51.68
2531,51.68
2532,51.72
2532,51.72
2532,51.73
2532,51.74
2533,51.75
2532,51.76
2533,51.77
2533,51.78
2533,51.79
2534,51.82
2534,51.81
2534,51.83
2534,51.84
2535,51.85
2535,51.85
2536,51.86
2535,51.87
2535,51.89
2536,51.89
2536,51.92
2537,51.92
2537,51.92
2537,51.93
2537,51.95
2538,51.95
2538,51.96
2538,51.97
2538,51.98
2538,51.98
2539,52.02
2539,52.01
2539,52.02
2539,52.03
2539,52.04
2540,52.04
2540,52.06
2540,52.06
2540,52.07
2540,52.08
2541,52.09
2541,52.09
2541,52.12
2542,52.12
2542,52.13
2542,52.14
2542,52.14
2542,52.16
2542,52.17
2543,52.17
2543,52.18
2543,52.18
2543,52.19
2543,52.22
2543,52.22
2544,52.22
2544,52.23
2544,52.24
2544,52.24
2544,52.25
2544,52.26
2545,52.27
2545,52.28
2545,52.28
2545,52.29
2546,52.29
2546,52.32
2546,52.32
2546,52.32
2546,52.33
2547,52.34
2547,52.34
2546,52.35
2547,52.36
2547,52.36
2547,52.37
2547,52.37
2548,52.38
2548,52.39
2548,52.42
2549,52.41
2549,52.42
2549,52.42
2549,52.43
2550,52.44
2549,52.44
2550,52.45
2550,52.45
2550,52.46
2550,52.46
2550,52.47
2550,52.47
2550,52.48
2551,52.48
2551,52.49
2551,52.49
2551,52.52
2551,52.51
2551,52.52
2551,52.52
2552,52.52
2551,52.53
2552,52.54
2552,52.54
2552,52.55
2552,52.55
2553,52.56
2552,52.56
2552,52.57
2552,52.57
2553,52.58
2553,52.58
2553,52.59
2553,52.59
2553,52.62
2554,52.61
2555,52.61
2554,52.62
2554,52.63
2554,52.63
2554,52.64
2554,52.64
2555,52.64
2555,52.65
2555,52.65
2555,52.66
2555,52.66
2555,52.67
2555,52.67
2555,52.68
2556,52.68
2556,52.69
2556,52.69
2556,52.72
2557,52.71
2556,52.72
2557,52.72
2557,52.72
2557,52.73
2557,52.73
2557,52.74
2557,52.74
2557,52.75
2557,52.75
2557,52.75
2557,52.76
2557,52.76
2558,52.77
2558,52.77
2558,52.77
2558,52.78
2558,52.78
2558,52.78
2558,52.79
2558,52.79
2559,52.82
2559,52.81
2559,52.82
2559,52.82
2559,52.82
2559,52.83
2559,52.83
2559,52.83
2559,52.84
2559,52.84
2559,52.84
2559,52.85
2560,52.85
2559,52.85
2559,52.86
2560,52.86
2559,52.87
2560,52.87
2560,52.87
2560,52.88
2560,52.88
2560,52.88
2560,52.89
2560,52.89
2560,52.89
2561,52.92
2561,52.91
2561,52.91
2561,52.92
2561,52.92
2561,52.93
2560,52.93
2561,52.93
2561,52.93
2561,52.94
2561,52.94
2561,52.94
2561,52.95
2562,52.95
2562,52.95
2562,52.95
2562,52.96
2562,52.96
2562,52.97
2562,52.97
2562,52.97
2562,52.97
2562,52.98
2562,52.98
2562,52.98
2562,52.99
2562,52.99
2562,52.99
2563,52.99
2562,53.02
2563,53.01
2563,53.01
2563,53.01
2563,53.02
2562,53.02
2563,53.02
2563,53.03
2563,53.03
2563,53.03
2563,53.03
2563,53.04
2563,53.04
2564,53.05
2564,53.05
2564,53.05
2563,53.05
2564,53.06
2564,53.06
2564,53.06
2564,53.07
2564,53.07
2564,53.07
2564,53.08
2564,53.08
2565,53.08
2565,53.09
2564,53.09
2564,53.09
2565,53.12
2565,53.11
2565,53.11
2565,53.12
2565,53.12
2565,53.12
2565,53.13
2565,53.13
2566,53.14
2566,53.14
2566,53.14
2566,53.15
2566,53.15
2566,53.16
2566,53.16
2566,53.17
2567,53.17
2566,53.17
2566,53.18
2567,53.19
2567,53.19
2567,53.19
2567,53.22
2567,53.21
2567,53.22
2568,53.22
2568,53.23
2567,53.23
2568,53.24
2568,53.25
2568,53.25
2568,53.26
2569,53.26
2568,53.27
2569,53.27
2569,53.28
2569,53.29
2569,53.29
2569,53.32
2570,53.31
2570,53.32
2570,53.33
2570,53.33
2570,53.34
2570,53.35
2571,53.35
2571,53.36
2571,53.37
2571,53.37
2571,53.38
2572,53.39
2572,53.39
2572,53.42
2572,53.42
2572,53.42
2572,53.43
2573,53.44
2573,53.44
2573,53.45
2573,53.46
2574,53.47
2574,53.48
2574,53.48
2574,53.49
2574,53.52
2575,53.53
2575,53.53
2575,53.54
2576,53.55
2576,53.56
2576,53.57
2576,53.58
2577,53.59
2577,53.59
2577,53.62
2577,53.62
2578,53.63
2578,53.64
2579,53.65
2578,53.66
2579,53.66
2579,53.67
2579,53.69
2579,53.69
2579,53.72
2580,53.72
2581,53.73
2581,53.74
2581,53.75
2581,53.75
2581,53.76
2582,53.77
2582,53.78
2582,53.79
2582,53.82
2583,53.82
2583,53.83
2583,53.83
2583,53.84
2583,53.86
2584,53.87
2584,53.87
2584,53.88
2585,53.89
2585,53.92
2586,53.92
2586,53.93
2586,53.94
2586,53.94
2586,53.95
2587,53.96
2587,53.98
2587,53.99
2587,53.99
2588,54.02
2588,54.02
2588,54.02
2589,54.04
2588,54.05
2589,54.05
2590,54.06
2590,54.07
2590,54.08
2590,54.09
2590,54.12
2590,54.12
2591,54.12
2591,54.13
2591,54.15
2591,54.16
2592,54.17
2592,54.17
2592,54.18
2592,54.19
2593,54.22
2593,54.22
2593,54.23
2594,54.23
2594,54.24
2594,54.25
2594,54.27
2594,54.27
2595,54.28
2595,54.29
2595,54.32
2596,54.33
2596,54.33
2596,54.34
2597,54.35
2597,54.36
2597,54.36
2597,54.37
2598,54.39
2598,54.42
2599,54.42
2599,54.43
2599,54.44
2599,54.45
2599,54.45
2600,54.46
2600,54.47
2600,54.48
2600,54.49
2601,54.52
2601,54.51
2602,54.52
2601,54.53
2602,54.54
2602,54.55
2602,54.56
2603,54.56
2602,54.57
2603,54.58
2603,54.59
2603,54.62
2604,54.62
2604,54.62
2604,54.63
2604,54.64
2605,54.64
2605,54.66
2605,54.67
2605,54.67
2605,54.68
2606,54.69
2606,54.69
2606,54.71
2606,54.71
2607,54.72
2607,54.73
2607,54.74
2607,54.74
2607,54.75
2607,54.76
2608,54.77
2608,54.78
2608,54.78
2609,54.79
2608,54.82
2609,54.82
2609,54.83
2609,54.83
2609,54.84
2610,54.85
2610,54.85
2610,54.87
2610,54.87
2611,54.88
2611,54.89
2611,54.89
2611,54.92
2612,54.92
2612,54.93
2612,54.93
2612,54.94
2612,54.95
2613,54.96
2612,54.96
2613,54.97
2613,54.98
2613,54.98
2614,54.99
2614,55.02
2614,55.02
2615,55.02
2614,55.03
2615,55.03
2615,55.04
2615,55.05
2616,55.06
2615,55.07
2615,55.07
2616,55.08
2616,55.09
2616,55.09
2616,55.12
2616,55.12
2617,55.12
2617,55.13
2617,55.13
2617,55.15
2618,55.15
2618,55.16
2618,55.17
2618,55.17
2618,55.18
2618,55.18
2619,55.19
2619,55.22
2619,55.21
2619,55.22
2620,55.22
2619,55.24
2620,55.24
2620,55.25
2620,55.25
2620,55.26
2621,55.27
2620,55.28
2621,55.28
2621,55.29
2621,55.29
2621,55.32
2622,55.31
2621,55.32
2622,55.33
2622,55.33
2622,55.34
2623,55.34
2622,55.35
2623,55.36
2623,55.37
2623,55.37
2623,55.38
2623,55.38
2623,55.39
2623,55.39
2624,55.41
2624,55.41
2624,55.42
2624,55.42
2624,55.43
2624,55.43
2624,55.44
2625,55.45
2625,55.45
2625,55.46
2625,55.46
2625,55.47
2625,55.47
2626,55.49
2626,55.49
2626,55.52
2626,55.51
2627,55.52
2627,55.53
2627,55.53
2627,55.54
2627,55.54
2627,55.55
2627,55.56
2628,55.56
2628,55.57
2628,55.57
2628,55.58
2628,55.58
2628,55.59
2629,55.62
2629,55.61
2629,55.62
2629,55.62
2629,55.63
2629,55.64
2630,55.64
2629,55.65
2630,55.65
2630,55.66
2630,55.66
2630,55.67
2630,55.67
2631,55.68
2631,55.68
2631,55.69
2631,55.69
2631,55.72
2631,55.71
2632,55.72
2632,55.72
2631,55.73
2632,55.73
2632,55.74
2632,55.74
2632,55.75
2632,55.75
2632,55.76
2632,55.76
2633,55.77
2632,55.78
2633,55.78
2633,55.79
2633,55.79
2633,55.79
2633,55.82
2634,55.81
2634,55.81
2633,55.82
2634,55.82
2634,55.83
2634,55.83
2634,55.84
2634,55.85
2634,55.85
2635,55.85
2635,55.86
2635,55.87
2634,55.87
2634,55.87
2634,55.88
2635,55.88
2636,55.89
2636,55.89
2635,55.92
2636,55.91
2636,55.92
2636,55.92
2636,55.92
2636,55.93
2637,55.94
2637,55.94
2637,55.94
2637,55.95
2637,55.95
2637,55.96
2637,55.96
2637,55.97
2637,55.97
2637,55.98
2638,55.98
2638,55.98
2638,55.99
2638,55.99
2638,56.02
2638,56.02
2638,56.02
2638,56.02
2638,56.03
2639,56.03
2639,56.03
2639,56.04
2639,56.05
2638,56.05
2639,56.05
2639,56.06
2640,56.06
2639,56.06
2640,56.07
2640,56.07
2640,56.08
2640,56.08
2639,56.08
2640,56.09
2640,56.09
2640,56.12
2640,56.11
2641,56.11
2641,56.12
2641,56.12
2641,56.12
2641,56.13
2641,56.13
2641,56.13
2641,56.14
2641,56.15
2641,56.15
2642,56.15
2642,56.15
2642,56.16
2642,56.16
2642,56.16
2642,56.17
2642,56.17
2642,56.18
2642,56.18
2642,56.18
2642,56.19
2643,56.19
2643,56.22
2643,56.21
2643,56.21
2643,56.22
2643,56.22
2643,56.22
2643,56.23
2643,56.23
2644,56.23
2644,56.24
2643,56.24
2644,56.24
2644,56.25
2644,56.25
2644,56.25
2644,56.26
2644,56.26
2644,56.26
2644,56.27
2645,56.27
2644,56.27
2644,56.28
2645,56.28
2645,56.28
2645,56.29
2645,56.29
2645,56.29
2645,56.29
2645,56.32
2645,56.31
2645,56.31
2646,56.31
2645,56.31
2645,56.32
2645,56.32
2646,56.33
2645,56.33
2645,56.33
2646,56.33
2646,56.34
2646,56.34
2646,56.34
2646,56.35
2646,56.35
2646,56.35
2646,56.35
2646,56.36
2646,56.36
2647,56.36
2646,56.37
2646,56.37
2647,56.37
2647,56.37
2647,56.38
2647,56.38
2647,56.38
2647,56.39
2647,56.39
2647,56.39
2647,56.39
2647,56.42
2647,56.41
2648,56.41
2647,56.42
2647,56.42
2648,56.42
2647,56.42
2648,56.43
2648,56.43
2648,56.43
2647,56.43
2648,56.43
2648,56.44
2648,56.44
2648,56.44
2648,56.44
2648,56.45
2648,56.45
2648,56.45
2648,56.45
2648,56.45
2648,56.46
2648,56.46
2648,56.46
2649,56.46
2648,56.47
2649,56.47
2649,56.47
2649,56.47
2649,56.48
2649,56.48
2649,56.48
2649,56.48
2650,56.48
2650,56.49
2649,56.49
2649,56.49
2649,56.49
2649,56.49
2650,56.52
2649,56.51
2650,56.51
2650,56.51
2650,56.51
2650,56.52
2650,56.52
2650,56.52
2650,56.52
2650,56.52
2650,56.53
2650,56.53
2650,56.53
2650,56.53
2650,56.53
2650,56.53
2649,56.54
2650,56.54
2650,56.54
2650,56.54
2650,56.54
2650,56.55
2650,56.55
2650,56.55
2650,56.55
2650,56.55
2651,56.55
2650,56.56
2651,56.56
2650,56.56
2650,56.56
2650,56.56
2651,56.56
2651,56.57
2651,56.57
2651,56.57
2651,56.57
2651,56.57
2651,56.57
2651,56.58
2651,56.58
2651,56.58
2651,56.58
2652,56.58
2651,56.58
2651,56.58
2651,56.59
2651,56.59
2651,56.59
2652,56.59
2651,56.59
2652,56.59
2651,56.59
2651,56.62
2652,56.61
2651,56.61
2652,56.61
2651,56.61
2652,56.61
2652,56.61
2652,56.61
2652,56.62
2652,56.62
2652,56.62
2652,56.62
2652,56.62
2652,56.62
2652,56.62
2652,56.62
2652,56.63
2653,56.63
2652,56.63
2652,56.63
2652,56.63
2652,56.63
2652,56.64
2652,56.64
2652,56.64
2652,56.64
2652,56.64
2652,56.64
2652,56.65
2652,56.65
2652,56.65
2652,56.65
2652,56.65
2652,56.65
2652,56.66
2653,56.66
2652,56.66
2653,56.66
2652,56.66
2653,56.67
2653,56.67
2653,56.67
2653,56.67
2653,56.68
2653,56.68
2653,56.68
2653,56.68
2653,56.69
2654,56.69
2653,56.69
2652,56.69
2653,56.72
2653,56.71
2653,56.71
2653,56.71
2654,56.72
2654,56.72
2654,56.73
2654,56.73
2654,56.73
2654,56.73
2654,56.74
2654,56.74
2655,56.75
2655,56.75
2655,56.75
2654,56.76
2655,56.76
2655,56.76
2655,56.77
2655,56.77
2655,56.78
2655,56.78
2655,56.79
2655,56.79
2656,56.79
2656,56.82
2655,56.81
2656,56.81
2655,56.82
2656,56.82
2656,56.83
2657,56.84
2657,56.84
2657,56.85
2657,56.85
2657,56.86
2657,56.86
2657,56.87
2657,56.88
2657,56.88
2658,56.88
2658,56.89
2658,56.92
2658,56.91
2658,56.92
2658,56.92
2658,56.93
2659,56.93
2659,56.94
2659,56.95
2659,56.96
2659,56.96
2660,56.97
2660,56.98
2660,56.98
2661,56.99
2661,57.02
2661,57.02
2662,57.03
2661,57.03
2662,57.04
2662,57.05
2662,57.06
2662,57.06
2662,57.07
2662,57.08
2663,57.09
2663,57.12
2663,57.12
2664,57.12
2664,57.13
2664,57.14
2664,57.15
2664,57.16
2665,57.16
2665,57.17
2665,57.18
2666,57.19
2666,57.22
2666,57.21
2666,57.22
2666,57.23
2667,57.24
2667,57.25
2667,57.25
2668,57.26
2667,57.27
2667,57.27
2668,57.28
2668,57.29
2668,57.32
2669,57.31
2669,57.32
2670,57.33
2669,57.34
2669,57.35
2669,57.36
2670,57.36
2671,57.37
2670,57.38
2671,57.39
2671,57.42
2672,57.41
2671,57.42
2672,57.43
2672,57.43
2672,57.45
2672,57.45
2673,57.46
2673,57.47
2673,57.48
2674,57.48
2673,57.49
2674,57.52
2674,57.52
2674,57.52
2675,57.53
2674,57.54
2675,57.55
2675,57.56
2676,57.56
2676,57.57
2675,57.58
2676,57.59
2676,57.62
2677,57.61
2677,57.62
2677,57.63
2677,57.63
2678,57.64
2677,57.65
2677,57.66
2678,57.67
2679,57.67
2678,57.68
2679,57.69
2679,57.72
2680,57.71
2680,57.72
2679,57.73
2680,57.74
2681,57.74
2680,57.75
2680,57.76
2681,57.77
2680,57.78
2682,57.78
2682,57.79
2681,57.82
2682,57.81
2682,57.82
2682,57.83
2682,57.83
2683,57.84
2683,57.85
2683,57.86
2683,57.87
2684,57.87
2684,57.88
2684,57.89
2684,57.92
2685,57.91
2684,57.92
2685,57.92
2685,57.93
2685,57.94
2685,57.95
2686,57.96
2686,57.96
2686,57.97
2687,57.98
2686,57.98
2687,58.02
2687,58.01
2687,58.02
2687,58.03
2687,58.04
2688,58.04
2688,58.05
2688,58.06
2688,58.06
2688,58.07
2689,58.08
2689,58.09
2689,58.09
2689,58.12
2689,58.11
2689,58.12
2690,58.13
2690,58.14
2691,58.14
2691,58.15
2691,58.15
2691,58.16
2691,58.17
2692,58.18
2692,58.18
2692,58.19
2692,58.19
2692,58.22
2692,58.21
2692,58.22
2692,58.23
2693,58.24
2693,58.24
2693,58.25
2694,58.25
2693,58.26
2694,58.27
2693,58.28
2694,58.28
2693,58.29
2694,58.29
2694,58.32
2694,58.31
2694,58.32
2694,58.33
2694,58.33
2695,58.34
2694,58.35
2695,58.35
2694,58.36
2695,58.36
2695,58.37
2696,58.38
2695,58.39
2695,58.39
2696,58.42
2697,58.41
2697,58.42
2696,58.43
2696,58.43
2697,58.44
2698,58.44
2698,58.45
2698,58.46
2698,58.46
2699,58.47
2699,58.48
2698,58.48
2699,58.49
2699,58.49
2700,58.52
2700,58.51
2700,58.52
2700,58.52
2700,58.53
2700,58.53
2700,58.54
2701,58.55
2701,58.55
2701,58.56
2701,58.56
2701,58.57
2701,58.57
2702,58.58
2702,58.59
2702,58.59
2702,58.62
2702,58.62
2702,58.62
2702,58.62
2703,58.63
2703,58.63
2703,58.64
2703,58.65
2704,58.65
2703,58.66
2704,58.66
2704,58.67
2704,58.67
2704,58.68
2704,58.69
2704,58.69
2704,58.69
2705,58.72
2705,58.72
2705,58.72
2705,58.73
2705,58.73
2704,58.74
2706,58.74
2706,58.74
2706,58.75
2706,58.76
2706,58.76
2706,58.77
2706,58.77
2706,58.78
2707,58.78
2706,58.79
2707,58.79
2707,58.82
2707,58.81
2707,58.82
2707,58.82
2708,58.83
2708,58.83
2708,58.84
2708,58.84
2708,58.85
2708,58.85
2708,58.86
2708,58.86
2709,58.86
2709,58.87
2709,58.88
2709,58.88
2709,58.88
2709,58.89
2709,58.89
2710,58.92
2709,58.91
2710,58.92
2710,58.92
2710,58.92
2710,58.93
2710,58.94
2710,58.94
2711,58.94
2711,58.95
2711,58.95
2711,58.95
2711,58.96
2711,58.97
2711,58.97
2711,58.97
2711,58.98
2711,58.98
2712,58.98
2712,58.99
2712,59.02
2712,59.01
2712,59.01
2712,59.02
2712,59.02
2713,59.03
2712,59.03
2713,59.04
2713,59.04
2713,59.04
2713,59.05
2713,59.05
2713,59.06
2714,59.06
2713,59.06
2713,59.07
2714,59.07
2714,59.08
2714,59.08
2714,59.08
2714,59.09
2714,59.09
2714,59.12
2714,59.11
2715,59.11
2714,59.12
2715,59.12
2715,59.13
2715,59.13
2715,59.13
2715,59.14
2715,59.14
2715,59.15
2715,59.15
2716,59.15
2715,59.16
2716,59.16
2716,59.16
2716,59.16
2715,59.17
2716,59.17
2716,59.18
2717,59.18
2716,59.18
2716,59.18
2717,59.19
2717,59.19
2716,59.22
2717,59.21
2717,59.21
2717,59.22
2717,59.22
2717,59.22
2717,59.23
2717,59.23
2717,59.23
2718,59.24
2718,59.24
2717,59.24
2717,59.25
2717,59.25
2718,59.25
2718,59.26
2718,59.26
2718,59.26
2718,59.26
2718,59.27
2718,59.27
2718,59.27
2719,59.28
2719,59.28
2719,59.28
2718,59.29
2719,59.29
2719,59.29
2719,59.32
2719,59.31
2718,59.31
2719,59.32
2719,59.32
2719,59.32
2719,59.32
2719,59.33
2719,59.33
2719,59.33
2719,59.34
2719,59.34
2720,59.34
2719,59.34
2720,59.35
2720,59.35
2720,59.35
2720,59.36
2720,59.36
2720,59.36
2720,59.36
2720,59.37
2720,59.37
2720,59.37
2720,59.37
2720,59.38
2721,59.38
2720,59.38
2721,59.38
2721,59.39
2720,59.39
2721,59.39
2721,59.39
2721,59.39
2721,59.42
2721,59.41
2721,59.41
2722,59.41
2722,59.42
2721,59.42
2721,59.42
2721,59.42
2721,59.42
2722,59.43
2721,59.43
2721,59.43
2721,59.43
2722,59.44
2722,59.44
2722,59.44
2722,59.44
2722,59.44
2722,59.45
2722,59.45
2722,59.45
2722,59.45
2722,59.45
2722,59.46
2722,59.46
2722,59.46
2722,59.46
2722,59.46
2722,59.47
2722,59.47
2722,59.47
2723,59.47
2723,59.48
2722,59.48
2722,59.48
2723,59.48
2723,59.48
2723,59.49
2723,59.49
2723,59.49
2723,59.49
2723,59.49
2723,59.49
2723,59.52
2723,59.51
2723,59.51
2722,59.51
2723,59.51
2723,59.51
2723,59.51
2723,59.52
2723,59.52
2723,59.52
2723,59.52
2723,59.52
2723,59.53
2723,59.53
2724,59.53
2723,59.53
2723,59.53
2724,59.53
2724,59.54
2724,59.54
2724,59.54
2724,59.54
2724,59.54
2724,59.54
2724,59.54
2724,59.55
2724,59.55
2724,59.55
2724,59.55
2724,59.55
2723,59.55
2724,59.55
2724,59.56
2724,59.56
2725,59.56
2725,59.56
2724,59.56
2724,59.56
2725,59.56
2723,59.56
2724,59.57
2725,59.57
2725,59.57
2725,59.57
2725,59.57
2725,59.57
2725,59.57
2725,59.58
2725,59.58
2724,59.58
2725,59.58
2725,59.58
2725,59.58
2724,59.58
2724,59.58
2724,59.59
2724,59.59
2725,59.59
2724,59.59
2724,59.59
2724,59.59
2724,59.59
2725,59.59
2724,59.59
2724,59.59
2724,59.62
2725,59.61
2725,59.61
2725,59.61
2725,59.61
2725,59.61
2725,59.61
2725,59.61
2724,59.61
2725,59.61
2725,59.61
2725,59.61
2724,59.62
2725,59.62
2725,59.62
2725,59.62
2725,59.62
2725,59.62
2725,59.62
2725,59.62
2725,59.62
2725,59.62
2725,59.62
2725,59.62
2725,59.62
2725,59.62
2725,59.62
2725,59.62
2725,59.63
2725,59.63
2725,59.63
2725,59.63
2725,59.63
2726,59.63
2724,59.63
2726,59.63
2725,59.63
2726,59.63
2726,59.63
2726,59.63
2725,59.63
2726,59.63
2726,59.63
2726,59.63
2726,59.63
2726,59.64
2726,59.64
2726,59.64
2726,59.64
2726,59.64
2726,59.64
2726,59.64
2725,59.64
2726,59.64
2726,59.64
2726,59.64
2726,59.64
2726,59.64
2726,59.64
2726,59.64
2726,59.64
2726,59.64
2726,59.64
2726,59.64
2726,59.64
2726,59.64
2726,59.64
2726,59.64
2726,59.64
2726,59.64
2726,59.64
2726,59.64
2726,59.64
2726,59.64
2725,59.64
2726,59.64
2726,59.64
2725,59.64
2726,59.64
2726,59.64
2725,59.64
2726,59.65
2725,59.65
2726,59.64
2726,59.64
2725,59.65
2725,59.65
2726,59.64
2726,59.64
2725,59.64
2725,59.64
2726,59.65
2726,59.65
2725,59.65
2725,59.65
2726,59.65
2726,59.65
2726,59.65
2726,59.64
2725,59.65
2726,59.64
2725,59.65
2724,59.64
2725,59.64
2726,59.64
2725,59.64
2726,59.64
2725,59.64
2725,59.64
2726,59.64
2725,59.64
2725,59.64
2725,59.64
2725,59.64
2725,59.64
2725,59.64
2725,59.64
2725,59.64
2725,59.64
2725,59.64
2725,59.64
2725,59.64
2725,59.64
2725,59.64
2725,59.64
2725,59.64
2725,59.64
2725,59.64
2725,59.64
2726,59.64
2725,59.64
2724,59.64
2725,59.64
2725,59.64
2725,59.64
2725,59.64
2725,59.64
2725,59.64
2725,59.64
2725,59.64
2724,59.64
2724,59.64
2724,59.64
2724,59.64
2724,59.64
2724,59.64
2725,59.64
2724,59.64
2725,59.64
2724,59.64
2724,59.64
2724,59.64
2724,59.64
2724,59.64
2724,59.64
2724,59.64
2725,59.64
2725,59.64
2724,59.64
2725,59.64
2724,59.64
2725,59.64
2724,59.64
2725,59.64
2725,59.64
2725,59.64
2725,59.64
2725,59.64
2725,59.64
2725,59.64
2725,59.65
2725,59.65
2725,59.65
2725,59.65
2725,59.65
2725,59.65
2725,59.65
2726,59.65
