1796,25.14
1796,25.14
1796,25.14
1796,25.13
1796,25.13
1796,25.13
1796,25.13
1796,25.13
1796,25.13
1796,25.13
1795,25.13
1796,25.12
1795,25.12
1795,25.12
1795,25.12
1796,25.12
1795,25.12
1795,25.12
1796,25.12
1795,25.12
1795,25.11
1795,25.11
1796,25.11
1795,25.11
1795,25.11
1795,25.11
1796,25.11
1795,25.11
1795,25.11
1795,25.11
1795,25.1
1795,25.1
1795,25.1
1795,25.1
1795,25.1
1795,25.1
1795,25.1
1795,25.1
1795,25.09
1795,25.09
1795,25.09
1795,25.09
1795,25.09
1795,25.09
1795,25.09
1795,25.09
1795,25.09
1795,25.09
1795,25.09
1795,25.08
1795,25.08
1794,25.08
1795,25.08
1795,25.08
1795,25.08
1794,25.08
1794,25.08
1795,25.07
1795,25.07
1794,25.07
1794,25.07
1794,25.07
1794,25.07
1794,25.07
1794,25.06
1794,25.06
1794,25.06
1794,25.06
1794,25.06
1794,25.06
1794,25.06
1794,25.06
1794,25.06
1794,25.06
1794,25.06
1794,25.05
1794,25.05
1794,25.05
1794,25.05
1794,25.05
1794,25.05
1794,25.05
1793,25.05
1793,25.05
1793,25.04
1794,25.04
1793,25.04
1793,25.04
1793,25.04
1794,25.04
1793,25.04
1793,25.04
1793,25.04
1793,25.04
1793,25.03
1793,25.03
1793,25.03
1793,25.03
1793,25.03
1793,25.03
1793,25.03
1793,25.03
1793,25.03
1793,25.02
1793,25.02
1793,25.02
1793,25.02
1793,25.02
1793,25.02
1793,25.02
1793,25.02
1793,25.02
1793,25.02
1793,25.01
1793,25.01
1793,25.01
1793,25.01
1793,25.01
1793,25.01
1793,25.01
1793,25.01
1793,25.0
1792,25.0
1793,25.0
1793,25.0
1792,25.0
1793,25.0
1793,25.0
1793,25.0
1792,25.0
1793,25.0
1792,25.0
1793,24.99
1792,24.99
1792,24.99
1792,24.99
1792,24.99
1792,24.99
1792,24.99
1792,24.99
1792,24.99
1792,24.99
1792,24.98
1792,24.98
1792,24.98
1792,24.98
1792,24.98
1792,24.98
1792,24.98
1792,24.98
1792,24.98
1792,24.97
1792,24.97
1792,24.97
1792,24.97
1791,24.97
1792,24.97
1792,24.97
1791,24.97
1791,24.97
1792,24.96
1791,24.96
1792,24.96
1791,24.96
1791,24.96
1792,24.96
1792,24.96
1791,24.96
1791,24.96
1791,24.96
1792,24.95
1791,24.95
1791,24.95
1791,24.95
1791,24.95
1791,24.95
1791,24.95
1792,24.95
1791,24.95
1792,24.95
1791,24.95
1791,24.94
1791,24.94
1791,24.94
1791,24.94
1791,24.94
1791,24.94
1791,24.94
1791,24.94
1791,24.94
1791,24.94
1791,24.93
1791,24.93
1791,24.93
1791,24.93
1791,24.93
1791,24.93
1791,24.93
1790,24.93
1791,24.93
1791,24.93
1791,24.92
1791,24.92
1790,24.92
1791,24.92
1790,24.92
1791,24.92
1791,24.92
1790,24.92
1790,24.92
1790,24.92
1790,24.91
1791,24.91
1790,24.91
1790,24.91
1790,24.91
1790,24.91
1790,24.91
1791,24.91
1791,24.91
1790,24.91
1790,24.91
1790,24.9
1790,24.9
1790,24.9
1790,24.9
1790,24.9
1790,24.9
1790,24.9
1790,24.9
1790,24.9
1789,24.89
1790,24.89
1790,24.89
1790,24.89
1790,24.89
1790,24.89
1790,24.89
1790,24.89
1789,24.89
1789,24.89
1790,24.89
1790,24.88
1790,24.88
1790,24.88
1790,24.88
1790,24.88
1790,24.88
1789,24.88
1790,24.88
1790,24.88
1790,24.88
1789,24.87
1789,24.87
1789,24.87
1790,24.87
1789,24.87
1789,24.87
1790,24.87
1789,24.87
1790,24.87
1789,24.87
1789,24.87
1789,24.86
1789,24.86
1789,24.86
1789,24.86
1789,24.86
1789,24.86
1789,24.86
1789,24.86
1789,24.86
1789,24.86
1789,24.86
1789,24.85
1789,24.85
1789,24.85
1789,24.85
1789,24.85
1789,24.85
1789,24.85
1788,24.85
1789,24.85
1789,24.85
1789,24.85
1789,24.85
1789,24.84
1789,24.84
1789,24.84
1789,24.84
1788,24.84
1789,24.84
1789,24.84
1788,24.84
1788,24.84
1789,24.83
1788,24.83
1788,24.83
1788,24.83
1788,24.83
1788,24.83
1788,24.83
1788,24.83
1788,24.83
1788,24.83
1788,24.83
1788,24.82
1788,24.82
1788,24.82
1788,24.82
1788,24.82
1788,24.82
1788,24.82
1788,24.82
1788,24.82
1788,24.81
1788,24.81
1788,24.81
1788,24.81
1788,24.81
1788,24.81
1788,24.81
1788,24.81
1788,24.81
1788,24.81
1788,24.81
1788,24.81
1788,24.8
1788,24.8
1787,24.8
1788,24.8
1788,24.8
1787,24.8
1787,24.8
1788,24.8
1787,24.8
1787,24.8
1788,24.8
1787,24.8
1787,24.8
1787,24.79
1788,24.79
1788,24.79
1788,24.79
1788,24.79
1788,24.79
1787,24.79
1787,24.79
1787,24.79
1787,24.79
1787,24.79
1787,24.78
1787,24.78
1787,24.78
1787,24.78
1787,24.78
1787,24.78
1787,24.78
1787,24.78
1787,24.78
1787,24.78
1787,24.77
1787,24.77
1787,24.77
1787,24.77
1787,24.77
1787,24.77
1787,24.77
1787,24.77
1787,24.77
1787,24.77
1787,24.77
1787,24.77
1787,24.76
1787,24.76
1787,24.76
1787,24.76
1787,24.76
1786,24.76
1787,24.76
1787,24.76
1787,24.76
1787,24.76
1786,24.76
1787,24.75
1786,24.75
1787,24.75
1787,24.75
1787,24.75
1787,24.75
1786,24.75
1786,24.75
1786,24.75
1786,24.75
1786,24.75
1786,24.75
1786,24.75
1786,24.74
1786,24.74
1786,24.74
1787,24.74
1786,24.74
1786,24.74
1786,24.74
1786,24.74
1786,24.74
1786,24.74
1786,24.74
1786,24.73
1786,24.73
1786,24.73
1786,24.73
1786,24.73
1786,24.73
1786,24.73
1786,24.73
1786,24.73
1786,24.73
1786,24.73
1786,24.73
1786,24.73
1786,24.72
1786,24.72
1786,24.72
1786,24.72
1786,24.72
1786,24.72
1786,24.72
1786,24.72
1785,24.72
1786,24.72
1785,24.71
1786,24.71
1785,24.71
1785,24.71
1785,24.71
1785,24.71
1786,24.71
1785,24.71
1786,24.71
1786,24.71
1785,24.71
1785,24.71
1785,24.71
1785,24.7
1786,24.7
1785,24.7
1785,24.7
1785,24.7
1785,24.7
1785,24.7
1785,24.7
1785,24.7
1785,24.7
1785,24.7
1785,24.7
1785,24.69
1785,24.69
1785,24.69
1785,24.69
1785,24.69
1785,24.69
1785,24.69
1785,24.69
1785,24.69
1785,24.69
1785,24.69
1785,24.69
1784,24.68
1784,24.68
1785,24.68
1785,24.68
1784,24.68
1784,24.68
1785,24.68
1785,24.68
1785,24.68
1784,24.68
1785,24.68
1784,24.68
1785,24.68
1785,24.67
1784,24.67
1784,24.67
1784,24.67
1784,24.67
1784,24.67
1785,24.67
1784,24.67
1785,24.67
1785,24.67
1784,24.67
1784,24.67
1784,24.67
1784,24.66
1784,24.66
1784,24.66
1784,24.66
1784,24.66
1784,24.66
1784,24.66
1784,24.66
1784,24.66
1784,24.66
1784,24.66
1784,24.66
1784,24.65
1784,24.65
1784,24.65
1784,24.65
1784,24.65
1784,24.65
1784,24.65
1784,24.65
1784,24.65
1784,24.65
1784,24.65
1784,24.65
1783,24.64
1784,24.64
1784,24.64
1784,24.64
1784,24.64
1784,24.64
1783,24.64
1783,24.64
1784,24.64
1784,24.64
1784,24.64
1783,24.64
1783,24.64
1784,24.63
1783,24.63
1783,24.63
1784,24.63
1783,24.63
1784,24.63
1783,24.63
1783,24.63
1783,24.63
1783,24.63
1783,24.62
1783,24.62
1783,24.62
1783,24.62
1783,24.62
1783,24.62
1783,24.62
1783,24.62
1783,24.62
1783,24.62
1783,24.62
1783,24.62
1783,24.62
1783,24.62
1783,24.62
1783,24.61
1783,24.61
1783,24.61
1783,24.61
1783,24.61
1783,24.61
1783,24.61
1783,24.61
1783,24.61
1783,24.61
1783,24.61
1783,24.61
1783,24.61
1783,24.6
1783,24.6
1783,24.6
1783,24.6
1782,24.6
1782,24.6
1783,24.6
1782,24.6
1782,24.6
1782,24.6
1782,24.6
1782,24.6
1783,24.6
1782,24.6
1782,24.59
1782,24.59
1783,24.59
1782,24.59
1782,24.59
1782,24.59
1782,24.59
1782,24.59
1782,24.59
1782,24.59
1782,24.59
1782,24.59
1782,24.58
1782,24.58
1782,24.58
1782,24.58
1782,24.58
1782,24.58
1782,24.58
1782,24.58
1782,24.58
1782,24.58
1782,24.58
1782,24.58
1782,24.58
1782,24.58
1782,24.57
1782,24.57
1782,24.57
1782,24.57
1782,24.57
1782,24.57
1782,24.57
1782,24.57
1782,24.57
1782,24.57
1782,24.57
1781,24.57
1781,24.57
1782,24.56
1782,24.56
1782,24.56
1781,24.56
1782,24.56
1782,24.56
1782,24.56
1781,24.56
1782,24.56
1782,24.56
1781,24.56
1782,24.56
1781,24.56
1781,24.56
1782,24.55
1781,24.55
1782,24.55
1781,24.55
1781,24.55
1782,24.55
1781,24.55
1782,24.55
1781,24.55
1781,24.55
1781,24.55
1781,24.55
1781,24.55
1781,24.55
1781,24.54
1781,24.54
1781,24.54
1781,24.54
1781,24.54
1781,24.54
1782,24.54
1781,24.54
1781,24.54
1781,24.54
1781,24.54
1781,24.54
1781,24.54
1781,24.54
1781,24.53
1781,24.53
1781,24.53
1781,24.53
1781,24.53
1781,24.53
1781,24.53
1780,24.53
1781,24.53
1781,24.53
1781,24.53
1780,24.53
1780,24.53
1781,24.52
1780,24.52
1781,24.52
1780,24.52
1781,24.52
1780,24.52
1780,24.52
1781,24.52
1780,24.52
1781,24.52
1780,24.52
1781,24.52
1781,24.52
1781,24.52
1781,24.52
1780,24.51
1780,24.51
1780,24.51
1780,24.51
1780,24.51
1780,24.51
1780,24.51
1780,24.51
1780,24.51
1780,24.51
1780,24.51
1780,24.51
1780,24.5
1780,24.5
1780,24.5
1780,24.5
1780,24.5
1780,24.5
1780,24.5
1780,24.5
1780,24.5
1780,24.5
1780,24.5
1779,24.5
1780,24.5
1780,24.5
1780,24.5
1780,24.5
1780,24.49
1780,24.49
1780,24.49
1780,24.49
1780,24.49
1780,24.49
1780,24.49
1780,24.49
1780,24.49
1779,24.49
1780,24.49
1780,24.49
1779,24.49
1780,24.49
1780,24.48
1780,24.48
1780,24.48
1779,24.48
1780,24.48
1779,24.48
1780,24.48
1780,24.48
1780,24.48
1779,24.48
1779,24.48
1780,24.48
1779,24.48
1779,24.48
1780,24.48
1779,24.48
1779,24.47
1779,24.47
1779,24.47
1779,24.47
1779,24.47
1779,24.47
1779,24.47
1779,24.47
1779,24.47
1779,24.47
1779,24.47
1779,24.47
1779,24.47
1779,24.47
1779,24.47
1779,24.46
1779,24.46
1779,24.46
1779,24.46
1779,24.46
1779,24.46
1779,24.46
1779,24.46
1779,24.46
1779,24.46
1779,24.46
1779,24.46
1779,24.46
1779,24.46
1779,24.46
1779,24.45
1779,24.45
1779,24.45
1779,24.45
1779,24.45
1779,24.45
1779,24.45
1778,24.45
1779,24.45
1779,24.45
1779,24.45
1779,24.45
1779,24.45
1779,24.45
1779,24.45
1778,24.45
1779,24.45
1778,24.44
1778,24.44
1778,24.44
1779,24.44
1778,24.44
1778,24.44
1779,24.44
1779,24.44
1779,24.44
1778,24.44
1778,24.44
1778,24.44
1779,24.44
1778,24.43
1778,24.44
1778,24.43
1778,24.43
1779,24.43
1778,24.43
1778,24.43
1778,24.43
1778,24.43
1778,24.43
1778,24.43
1778,24.43
1778,24.43
1778,24.43
1778,24.43
1778,24.43
1778,24.42
1778,24.42
1778,24.42
1778,24.42
1778,24.42
1778,24.42
1778,24.42
1778,24.42
1778,24.42
1778,24.42
1778,24.42
1778,24.42
1778,24.42
1778,24.42
1778,24.42
1778,24.42
1778,24.42
1777,24.41
1778,24.41
1778,24.41
1778,24.41
1778,24.41
1778,24.41
1778,24.41
1778,24.41
1778,24.41
1777,24.41
1778,24.41
1778,24.41
1778,24.41
1778,24.41
1778,24.41
1778,24.41
1777,24.41
1778,24.41
1778,24.41
1777,24.41
1778,24.41
1778,24.41
1778,24.41
1778,24.41
1777,24.4
1777,24.41
1778,24.41
1777,24.41
1778,24.4
1777,24.4
1778,24.4
1778,24.4
1777,24.4
1777,24.41
1778,24.41
1778,24.41
1778,24.41
1778,24.41
1778,24.41
1777,24.41
1778,24.41
1778,24.41
1777,24.41
1778,24.41
1778,24.41
1778,24.41
1778,24.41
1778,24.41
1777,24.41
1777,24.41
1778,24.41
1778,24.41
1778,24.42
1778,24.42
1777,24.42
1778,24.42
1778,24.42
1778,24.42
1778,24.42
1778,24.42
1778,24.42
1778,24.43
1778,24.43
1778,24.43
1778,24.43
1778,24.43
1778,24.43
1778,24.44
1778,24.44
1778,24.44
1778,24.44
1778,24.44
1778,24.44
1778,24.45
1778,24.45
1778,24.45
1778,24.45
1779,24.46
1779,24.46
1778,24.46
1779,24.46
1779,24.47
1779,24.47
1779,24.47
1779,24.47
1779,24.48
1779,24.48
1779,24.48
1779,24.49
1779,24.49
1780,24.49
1780,24.5
1779,24.5
1780,24.5
1780,24.5
1780,24.51
1780,24.51
1780,24.52
1780,24.52
1780,24.52
1780,24.53
1780,24.53
1780,24.53
1781,24.54
1781,24.54
1781,24.55
1781,24.55
1781,24.55
1781,24.56
1781,24.56
1781,24.57
1781,24.57
1781,24.58
1781,24.58
1781,24.59
1782,24.59
1782,24.6
1782,24.6
1782,24.61
1782,24.61
1783,24.62
1783,24.62
1783,24.63
1783,24.64
1783,24.64
1783,24.65
1784,24.65
1783,24.66
1783,24.66
1784,24.67
1784,24.68
1784,24.69
1784,24.69
1784,24.7
1784,24.7
1785,24.71
1785,24.72
1785,24.73
1785,24.73
1785,24.74
1786,24.75
1786,24.75
1786,24.76
1786,24.77
1786,24.78
1786,24.78
1787,24.79
1786,24.8
1787,24.8
1787,24.82
1787,24.82
1787,24.83
1788,24.84
1788,24.85
1788,24.85
1788,24.87
1789,24.88
1789,24.88
1789,24.89
1789,24.9
1789,24.91
1790,24.92
1790,24.93
1790,24.94
1790,24.95
1791,24.96
1790,24.96
1791,24.98
1791,24.99
1791,25.0
1792,25.01
1792,25.02
1792,25.03
1792,25.03
1792,25.05
1793,25.06
1793,25.07
1793,25.08
1793,25.09
1794,25.1
1794,25.12
1795,25.13
1794,25.14
1795,25.15
1795,25.16
1795,25.17
1796,25.18
1796,25.2
1796,25.21
1797,25.22
1797,25.23
1797,25.24
1797,25.25
1798,25.26
1798,25.29
1798,25.3
1799,25.31
1799,25.32
1799,25.33
1800,25.34
1800,25.37
1800,25.38
1801,25.39
1801,25.4
1801,25.41
1802,25.43
1802,25.44
1802,25.46
1803,25.48
1803,25.49
1803,25.5
1804,25.51
1804,25.54
1805,25.55
1805,25.56
1805,25.58
1806,25.59
1806,25.61
1806,25.62
1807,25.65
1807,25.66
1808,25.67
1808,25.69
1808,25.7
1809,25.72
1809,25.73
1809,25.76
1810,25.77
1810,25.79
1810,25.8
1811,25.82
1812,25.83
1812,25.86
1812,25.88
1813,25.89
1813,25.91
1813,25.92
1814,25.94
1814,25.96
1815,25.99
1815,26.0
1816,26.02
1816,26.03
1816,26.05
1817,26.07
1818,26.1
1818,26.12
1818,26.13
1819,26.15
1819,26.17
1820,26.18
1820,26.2
1821,26.24
1821,26.25
1822,26.27
1822,26.29
1822,26.31
1823,26.33
1824,26.36
1824,26.38
1824,26.4
1825,26.42
1825,26.43
1825,26.45
1826,26.47
1827,26.51
1827,26.53
1828,26.55
1828,26.56
1829,26.58
1829,26.6
1830,26.64
1831,26.66
1831,26.68
1831,26.7
1833,26.72
1833,26.74
1833,26.78
1834,26.8
1835,26.82
1835,26.84
1836,26.86
1836,26.88
1837,26.9
1837,26.95
1837,26.97
1839,26.99
1839,27.01
1839,27.03
1840,27.05
1841,27.1
1841,27.12
1842,27.14
1843,27.16
1843,27.18
1844,27.21
1844,27.23
1845,27.27
1845,27.3
1847,27.32
1847,27.34
1847,27.37
1848,27.39
1849,27.43
1850,27.46
1851,27.48
1851,27.5
1852,27.53
1852,27.55
1853,27.58
1853,27.62
1854,27.65
1855,27.67
1855,27.7
1856,27.72
1857,27.75
1858,27.77
1858,27.82
1859,27.85
1860,27.87
1860,27.9
1861,27.92
1862,27.97
1862,28.0
1863,28.03
1863,28.05
1864,28.08
1865,28.11
1866,28.13
1867,28.18
1867,28.21
1868,28.24
1869,28.27
1869,28.29
1870,28.32
1871,28.37
1872,28.4
1872,28.43
1874,28.46
1874,28.48
1875,28.51
1875,28.54
1877,28.6
1877,28.63
1878,28.65
1879,28.68
1880,28.71
1880,28.74
1881,28.77
1882,28.83
1883,28.86
1884,28.88
1884,28.91
1885,28.94
1886,28.97
1887,29.03
1887,29.06
1888,29.09
1889,29.12
1890,29.15
1891,29.18
1892,29.21
1892,29.28
1894,29.31
1894,29.34
1895,29.37
1896,29.4
1897,29.46
1897,29.5
1899,29.53
1899,29.56
1900,29.59
1901,29.62
1902,29.66
1903,29.72
1904,29.75
1905,29.78
1906,29.82
1907,29.85
1908,29.88
1909,29.92
1910,29.98
1911,30.02
1911,30.05
1912,30.08
1913,30.12
1914,30.15
1915,30.22
1916,30.25
1917,30.29
1918,30.32
1919,30.36
1920,30.39
1921,30.42
1922,30.5
1923,30.53
1924,30.56
1925,30.6
1926,30.64
1927,30.67
1928,30.74
1928,30.78
1929,30.81
1930,30.85
1931,30.89
1932,30.92
1933,30.96
1935,31.03
1935,31.07
1936,31.11
1937,31.14
1939,31.18
1940,31.22
1940,31.29
1942,31.33
1942,31.37
1944,31.41
1945,31.44
1946,31.48
1947,31.56
1948,31.6
1949,31.64
1950,31.67
1951,31.71
1952,31.75
1953,31.79
1954,31.87
1955,31.91
1956,31.95
1958,31.99
1958,32.03
1960,32.06
1961,32.15
1962,32.19
1963,32.23
1964,32.27
1965,32.31
1966,32.35
1968,32.39
1969,32.47
1970,32.51
1971,32.55
1972,32.59
1973,32.63
1974,32.67
1975,32.76
1977,32.8
1978,32.84
1979,32.88
1980,32.92
1982,32.97
1982,33.01
1984,33.09
1985,33.14
1986,33.18
1987,33.22
1989,33.26
1989,33.31
1991,33.39
1992,33.44
1993,33.48
1994,33.52
1996,33.57
1997,33.61
1998,33.7
1999,33.74
2000,33.79
2001,33.83
2003,33.88
2005,33.92
2006,33.97
2007,34.06
2008,34.1
2010,34.15
2010,34.19
2012,34.24
2013,34.28
2014,34.37
2015,34.42
2017,34.46
2018,34.51
2019,34.56
2020,34.6
2021,34.65
2023,34.74
2024,34.79
2025,34.83
2027,34.88
2028,34.93
2029,34.98
2031,35.07
2032,35.12
2033,35.16
2035,35.21
2036,35.26
2037,35.31
2039,35.36
2040,35.45
2042,35.5
2043,35.55
2044,35.6
2045,35.64
2047,35.69
2048,35.74
2049,35.84
2050,35.89
2052,35.94
2053,35.98
2054,36.03
2056,36.08
2057,36.18
2059,36.23
2060,36.28
2062,36.33
2063,36.38
2064,36.43
2066,36.53
2067,36.58
2069,36.63
2070,36.68
2071,36.73
2073,36.78
2074,36.88
2076,36.93
2077,36.98
2079,37.03
2080,37.09
2081,37.14
2082,37.19
2084,37.29
2085,37.34
2087,37.39
2088,37.44
2089,37.49
2091,37.54
2092,37.59
2093,37.69
2095,37.74
2097,37.79
2098,37.84
2099,37.89
2101,37.94
2102,38.04
2103,38.09
2105,38.14
2106,38.19
2108,38.24
2109,38.29
2111,38.34
2112,38.44
2113,38.49
2114,38.54
2116,38.59
2118,38.64
2119,38.69
2120,38.79
2122,38.84
2123,38.88
2124,38.93
2126,38.98
2127,39.03
2128,39.08
2130,39.18
2131,39.23
2133,39.27
2134,39.32
2136,39.37
2137,39.47
2138,39.52
2139,39.56
2141,39.61
2142,39.66
2143,39.71
2145,39.76
2146,39.85
2147,39.9
2148,39.95
2150,40.0
2152,40.04
2153,40.09
2154,40.14
2155,40.23
2157,40.28
2158,40.33
2159,40.37
2161,40.42
2162,40.47
2163,40.56
2165,40.61
2166,40.65
2167,40.7
2168,40.75
2170,40.79
2172,40.84
2173,40.93
2174,40.98
2175,41.02
2176,41.07
2177,41.12
2178,41.16
2181,41.25
2182,41.3
2183,41.34
2184,41.39
2186,41.43
2186,41.48
2188,41.52
2189,41.61
2190,41.66
2192,41.7
2193,41.75
2194,41.79
2195,41.84
2197,41.93
2198,41.97
2199,42.02
2201,42.06
2202,42.11
2203,42.15
2204,42.24
2205,42.28
2207,42.33
2208,42.37
2209,42.42
2210,42.46
2211,42.5
2212,42.59
2214,42.64
2215,42.68
2216,42.72
2217,42.77
2219,42.81
2219,42.9
2221,42.94
2222,42.98
2223,43.03
2225,43.07
2226,43.11
2227,43.15
2229,43.24
2230,43.28
2230,43.32
2232,43.36
2233,43.4
2234,43.45
2236,43.54
2237,43.58
2239,43.63
2240,43.68
2242,43.74
2243,43.79
2245,43.85
2247,43.96
2248,44.02
2250,44.07
2252,44.13
2253,44.19
2255,44.25
2257,44.37
2258,44.42
2260,44.48
2262,44.54
2263,44.6
2265,44.66
2267,44.78
2269,44.83
2270,44.89
2272,44.95
2273,45.01
2275,45.06
2277,45.12
2278,45.23
2280,45.29
2282,45.35
2283,45.4
2285,45.46
2287,45.51
2288,45.62
2289,45.67
2291,45.73
2293,45.78
2294,45.84
2296,45.89
2297,45.94
2298,46.04
2300,46.09
2301,46.14
2303,46.19
2305,46.24
2306,46.29
2308,46.39
2309,46.43
2310,46.48
2312,46.53
2313,46.58
2314,46.62
2316,46.67
2317,46.76
2319,46.81
2320,46.85
2321,46.9
2322,46.94
2324,46.98
2326,47.03
2327,47.12
2328,47.16
2329,47.21
2331,47.25
2332,47.29
2333,47.38
2335,47.42
2335,47.46
2337,47.5
2338,47.55
2340,47.59
2341,47.63
2342,47.72
2343,47.76
2345,47.8
2346,47.84
2347,47.88
2348,47.92
2349,48.01
2351,48.05
2352,48.09
2353,48.13
2354,48.17
2355,48.21
2356,48.25
2358,48.33
2359,48.37
2360,48.41
2362,48.45
2363,48.49
2364,48.52
2365,48.56
2366,48.64
2367,48.68
2369,48.72
2370,48.76
2371,48.8
2372,48.84
2374,48.91
2374,48.95
2376,48.99
2377,49.03
2377,49.07
2379,49.11
2380,49.15
2382,49.26
2383,49.3
2384,49.3
2385,49.34
2386,49.38
2387,49.46
2388,49.5
2389,49.54
2391,49.58
2392,49.61
2393,49.65
2394,49.69
2395,49.77
2396,49.81
2398,49.85
2399,49.88
2400,49.92
2401,49.96
2402,50.0
2403,50.07
2404,50.11
2405,50.15
2407,50.19
2407,50.22
2409,50.26
2409,50.34
2411,50.37
2412,50.41
2413,50.45
2414,50.49
2416,50.52
2416,50.56
2417,50.63
2418,50.67
2420,50.71
2421,50.74
2422,50.78
2423,50.82
2424,50.89
2425,50.93
2426,50.96
2428,51.0
2428,51.03
2429,51.07
2430,51.11
2432,51.18
2433,51.22
2434,51.25
2435,51.29
2436,51.32
2437,51.36
2438,51.43
2439,51.47
2440,51.51
2441,51.54
2443,51.58
2443,51.62
2444,51.69
2445,51.73
2446,51.77
2447,51.8
2448,51.84
2450,51.87
2451,51.91
2452,51.98
2453,52.02
2454,52.06
2455,52.09
2456,52.13
2457,52.16
2458,52.23
2459,52.27
2460,52.3
2461,52.34
2462,52.38
2463,52.41
2464,52.45
2465,52.52
2465,52.56
2467,52.59
2468,52.63
2469,52.66
2470,52.7
2471,52.76
2472,52.8
2473,52.83
2474,52.87
2475,52.9
2476,52.94
2477,52.97
2478,53.04
2479,53.08
2480,53.11
2481,53.15
2482,53.18
2483,53.22
2484,53.28
2485,53.31
2486,53.35
2487,53.38
2488,53.42
2489,53.45
2490,53.48
2491,53.55
2492,53.58
2493,53.62
2494,53.65
2495,53.68
2496,53.72
2497,53.75
2497,53.82
2499,53.85
2500,53.88
2501,53.92
2502,53.95
2502,54.01
2503,54.05
2504,54.08
2505,54.11
2507,54.14
2507,54.17
2508,54.21
2509,54.27
2510,54.3
2511,54.33
2512,54.37
2513,54.4
2514,54.43
2514,54.49
2515,54.52
2516,54.56
2517,54.59
2518,54.62
2519,54.65
2520,54.68
2521,54.74
2522,54.77
2523,54.81
2524,54.84
2525,54.87
2526,54.9
2527,54.93
2528,55.0
2529,55.03
2530,55.06
2531,55.09
2531,55.12
2533,55.15
2533,55.2
2534,55.23
2535,55.26
2536,55.29
2537,55.31
2537,55.34
2538,55.36
2539,55.41
2540,55.44
2541,55.46
2541,55.49
2542,55.51
2543,55.55
2544,55.57
2544,55.59
2545,55.61
2545,55.63
2546,55.65
2547,55.67
2547,55.71
2548,55.72
2549,55.74
2549,55.76
2550,55.77
2550,55.79
2551,55.8
2551,55.84
2552,55.85
2552,55.86
2553,55.88
2553,55.89
2554,55.91
2555,55.93
2555,55.95
2556,55.96
2556,55.98
2557,55.99
2558,56.0
2558,56.02
2558,56.04
2559,56.05
2559,56.06
2560,56.08
2560,56.09
2561,56.1
2561,56.13
2562,56.14
2562,56.15
2563,56.17
2563,56.18
2564,56.19
2564,56.21
2565,56.23
2565,56.24
2566,56.26
2566,56.27
2567,56.28
2567,56.31
2568,56.32
2569,56.33
2569,56.34
2570,56.36
2569,56.37
2570,56.38
2571,56.4
2571,56.42
2572,56.43
2573,56.44
2573,56.45
2573,56.47
2574,56.48
2575,56.5
2575,56.52
2576,56.53
2575,56.54
2577,56.56
2577,56.57
2577,56.6
2578,56.61
2578,56.62
2579,56.64
2579,56.65
2580,56.67
2580,56.68
2581,56.71
2582,56.73
2582,56.74
2583,56.76
2583,56.78
2584,56.79
2584,56.82
2585,56.84
2585,56.86
2585,56.87
2587,56.89
2587,56.91
2587,56.93
2588,56.97
2588,56.98
2589,57.0
2590,57.02
2590,57.04
2591,57.06
2591,57.1
2592,57.12
2592,57.14
2593,57.16
2594,57.18
2594,57.2
2595,57.24
2595,57.27
2596,57.29
2596,57.31
2597,57.34
2598,57.36
2599,57.38
2599,57.43
2600,57.45
2601,57.48
2601,57.5
2602,57.53
2602,57.55
2603,57.6
2604,57.62
2605,57.65
2605,57.67
2606,57.7
2606,57.72
2607,57.75
2608,57.8
2608,57.83
2609,57.85
2610,57.88
2611,57.91
2611,57.93
2612,57.98
2613,58.01
2613,58.04
2614,58.06
2615,58.09
2615,58.12
2617,58.14
2617,58.2
2618,58.23
2618,58.25
2619,58.28
2620,58.31
2620,58.34
2621,58.39
2622,58.42
2622,58.45
2623,58.47
2623,58.5
2625,58.53
2625,58.58
2626,58.61
2627,58.64
2627,58.67
2628,58.69
2629,58.72
2630,58.75
2630,58.8
2631,58.83
2632,58.86
2632,58.89
2633,58.91
2634,58.94
2635,59.0
2635,59.03
2636,59.05
2637,59.08
2638,59.11
2639,59.14
2639,59.17
2639,59.22
2640,59.25
2641,59.28
2642,59.31
2643,59.34
2644,59.36
2644,59.42
2645,59.45
2646,59.48
2646,59.5
2647,59.53
2648,59.56
2649,59.59
2650,59.64
2650,59.67
2651,59.7
2652,59.72
2653,59.75
2653,59.78
2654,59.8
2654,59.86
2655,59.88
2656,59.91
2656,59.93
2657,59.96
2658,59.99
2658,60.04
2659,60.07
2660,60.09
2660,60.12
2661,60.14
2662,60.17
2663,60.2
2663,60.25
2664,60.28
2665,60.3
2665,60.33
2666,60.35
2667,60.41
2667,60.43
2668,60.46
2669,60.48
2670,60.51
2671,60.53
2671,60.56
2672,60.61
2673,60.64
2673,60.66
2674,60.69
2675,60.71
2675,60.74
2676,60.76
2676,60.82
2678,60.84
2678,60.87
2679,60.89
2679,60.92
2680,60.95
2681,61.0
2681,61.02
2682,61.05
2683,61.07
2684,61.1
2684,61.12
2685,61.15
2686,61.2
2686,61.23
2687,61.25
2687,61.28
2688,61.3
2689,61.33
2690,61.38
2691,61.4
2691,61.43
2692,61.45
2693,61.48
2694,61.5
2694,61.53
2694,61.58
2695,61.6
2696,61.62
2697,61.65
2697,61.67
2698,61.7
2698,61.75
2699,61.77
2700,61.8
2701,61.82
2701,61.84
2702,61.87
2703,61.92
2703,61.94
2704,61.97
2704,61.99
2705,62.02
2706,62.04
2706,62.06
2707,62.11
2708,62.13
2709,62.16
2709,62.18
2710,62.2
2711,62.22
2711,62.27
2712,62.29
2713,62.31
2713,62.34
2714,62.36
2714,62.38
2715,62.4
2715,62.45
2716,62.47
2717,62.49
2717,62.51
2718,62.54
2719,62.56
2719,62.6
2720,62.62
2720,62.64
2721,62.67
2721,62.69
2722,62.71
2723,62.73
2723,62.77
2724,62.8
2724,62.82
2725,62.84
2726,62.87
2727,62.89
2727,62.94
2728,62.97
2729,62.99
2729,63.01
2730,63.03
2730,63.06
2731,63.1
2732,63.12
2732,63.14
2733,63.16
2733,63.18
2733,63.2
2734,63.22
2734,63.25
2735,63.27
2735,63.28
2736,63.3
2736,63.32
2736,63.33
2736,63.36
2736,63.38
2737,63.39
2738,63.4
2738,63.42
2738,63.43
2739,63.44
2739,63.47
2739,63.48
2740,63.49
2740,63.5
2741,63.52
2741,63.53
2741,63.55
2742,63.57
2742,63.58
2743,63.59
2743,63.6
2743,63.61
2744,63.62
2744,63.65
2745,63.66
2745,63.67
2745,63.68
2745,63.69
2746,63.7
2746,63.72
2746,63.74
2747,63.75
2747,63.76
2748,63.77
2748,63.78
2748,63.8
2749,63.81
2749,63.82
2750,63.84
2749,63.85
2750,63.86
2751,63.87
2751,63.89
2751,63.9
2751,63.91
2752,63.92
2752,63.94
2753,63.95
2753,63.97
2753,63.98
2754,63.99
2754,64.0
2754,64.01
2755,64.02
2755,64.03
2756,64.06
2756,64.07
2757,64.08
2757,64.09
2758,64.1
2758,64.11
2758,64.12
2759,64.15
2759,64.16
2759,64.17
2759,64.18
2760,64.19
2760,64.2
2761,64.22
2761,64.23
2761,64.25
2761,64.26
2762,64.27
2762,64.28
2763,64.29
2763,64.31
2764,64.33
2763,64.34
2765,64.35
2764,64.36
2765,64.38
2766,64.39
2765,64.41
2766,64.42
2766,64.43
2766,64.44
2767,64.45
2768,64.47
2768,64.49
2768,64.5
2769,64.51
2769,64.52
2769,64.53
2769,64.54
2770,64.56
2771,64.58
2770,64.59
2771,64.6
2771,64.61
2772,64.62
2772,64.64
2772,64.65
2773,64.66
2773,64.67
2774,64.68
2773,64.7
2774,64.71
2774,64.73
2775,64.74
2775,64.75
2775,64.76
2776,64.77
2776,64.79
2777,64.81
2777,64.82
2777,64.83
2778,64.84
2778,64.86
2778,64.87
2778,64.88
2779,64.9
2779,64.91
2780,64.92
2780,64.93
2780,64.94
2781,64.95
2781,64.98
2781,64.99
2782,65.0
2782,65.01
2783,65.02
2783,65.03
2783,65.04
2783,65.06
2783,65.07
2784,65.08
2784,65.09
2784,65.11
2785,65.12
2785,65.14
2785,65.15
2785,65.16
2786,65.17
2786,65.18
2787,65.2
2787,65.22
2787,65.23
2788,65.24
2787,65.25
2789,65.26
2789,65.27
2789,65.29
2789,65.31
2789,65.32
2790,65.33
2790,65.34
2790,65.35
2790,65.36
2791,65.39
2792,65.4
2791,65.41
2792,65.42
2792,65.43
2793,65.44
2792,65.45
2793,65.47
2793,65.48
2794,65.49
2794,65.5
2794,65.52
2795,65.53
2795,65.55
2795,65.56
2796,65.57
2796,65.59
2797,65.6
2796,65.61
2797,65.62
2797,65.65
2797,65.66
2798,65.67
2798,65.68
2799,65.69
2799,65.7
2799,65.72
2800,65.74
2799,65.75
2801,65.76
2800,65.78
2801,65.79
2801,65.81
2801,65.82
2802,65.84
2802,65.85
2803,65.86
2802,65.87
2803,65.88
2804,65.9
2804,65.92
2804,65.93
2804,65.94
2805,65.95
2805,65.97
2805,65.99
2806,66.0
2806,66.01
2807,66.02
2807,66.03
2807,66.05
2808,66.06
2807,66.08
2808,66.09
2808,66.1
2809,66.12
2809,66.13
2810,66.14
2810,66.15
2810,66.17
2811,66.18
2810,66.19
2811,66.2
2811,66.22
2812,66.23
2812,66.25
2812,66.26
2813,66.27
2813,66.28
2813,66.29
2813,66.3
2814,66.31
2814,66.33
2814,66.34
2815,66.35
2814,66.37
2815,66.37
2815,66.4
2816,66.41
2816,66.41
2816,66.42
2817,66.44
2817,66.44
2817,66.45
2817,66.47
2818,66.48
2818,66.49
2818,66.5
2819,66.51
2818,66.52
2819,66.54
2819,66.55
2819,66.56
2820,66.57
2820,66.58
2820,66.59
2820,66.6
2821,66.62
2821,66.63
2821,66.64
2822,66.65
2822,66.66
2823,66.67
2822,66.68
2823,66.7
2824,66.71
2823,66.72
2824,66.73
2824,66.74
2824,66.75
2824,66.77
2824,66.77
2825,66.78
2825,66.79
2826,66.8
2825,66.81
2826,66.82
2826,66.84
2826,66.85
2827,66.86
2827,66.87
2827,66.87
2827,66.89
2827,66.9
2828,66.91
2827,66.92
2828,66.93
2828,66.93
2829,66.94
2829,66.96
2829,66.97
2829,66.98
2829,66.98
2829,66.99
2829,67.0
2830,67.01
2830,67.02
2830,67.03
2831,67.04
2831,67.05
2831,67.06
2831,67.06
2831,67.08
2831,67.09
2831,67.09
2832,67.1
2832,67.11
2833,67.12
2833,67.12
2833,67.14
2833,67.15
2833,67.15
2834,67.16
2834,67.17
2834,67.18
2833,67.19
2834,67.2
2835,67.2
2835,67.21
2835,67.22
2835,67.23
2835,67.23
2835,67.25
2835,67.25
2836,67.26
2836,67.27
2837,67.28
2836,67.28
2836,67.29
2837,67.3
2837,67.31
2837,67.31
2837,67.32
2837,67.33
2837,67.34
2838,67.35
2838,67.35
2838,67.36
2839,67.37
2838,67.37
2839,67.38
2839,67.39
2839,67.4
2840,67.4
2839,67.41
2840,67.42
2840,67.42
2840,67.43
2840,67.44
2840,67.45
2841,67.45
2841,67.46
2841,67.46
2841,67.47
2841,67.48
2841,67.49
2841,67.49
2842,67.5
2841,67.5
2842,67.51
2842,67.52
2842,67.52
2842,67.53
2842,67.54
2842,67.54
2842,67.55
2843,67.55
2843,67.56
2843,67.57
2844,67.57
2843,67.58
2844,67.58
2843,67.59
2844,67.6
2844,67.6
2844,67.61
2845,67.61
2844,67.62
2845,67.62
2844,67.63
2845,67.64
2845,67.64
2845,67.65
2846,67.65
2846,67.66
2846,67.66
2846,67.67
2845,67.68
2846,67.68
2846,67.69
2847,67.69
2846,67.7
2847,67.71
2847,67.71
2847,67.72
2847,67.72
2847,67.72
2847,67.73
2847,67.73
2848,67.74
2847,67.75
2847,67.75
2848,67.76
2848,67.76
2849,67.77
2848,67.78
2848,67.78
2848,67.78
2848,67.79
2849,67.79
2848,67.8
2849,67.8
2849,67.81
2849,67.82
2850,67.82
2849,67.83
2850,67.83
2850,67.84
2850,67.84
2850,67.85
2850,67.86
2850,67.86
2850,67.87
2850,67.87
2850,67.88
2851,67.89
2851,67.89
2851,67.9
2851,67.9
2851,67.91
2852,67.91
2852,67.92
2852,67.93
2852,67.93
2852,67.94
2853,67.95
2852,67.95
2852,67.96
2853,67.97
2853,67.97
2853,67.98
2853,67.99
2854,67.99
2854,68.0
2854,68.01
2854,68.02
2854,68.02
2855,68.03
2855,68.04
2855,68.04
2855,68.05
2855,68.06
2856,68.07
2855,68.07
2856,68.08
2856,68.09
2857,68.09
2856,68.11
2856,68.12
2857,68.12
2856,68.13
2857,68.14
2857,68.14
2858,68.15
2858,68.17
2858,68.17
2859,68.18
2858,68.19
2859,68.2
2859,68.2
2859,68.22
2859,68.23
2859,68.24
2860,68.24
2860,68.25
2860,68.26
2860,68.27
2860,68.29
2861,68.29
2861,68.3
2862,68.31
2861,68.32
2862,68.33
2862,68.35
2862,68.36
2863,68.37
2863,68.37
2863,68.38
2863,68.39
2864,68.41
2864,68.42
2864,68.43
2865,68.44
2865,68.45
2865,68.46
2865,68.47
2866,68.49
2866,68.5
2866,68.51
2867,68.52
2867,68.53
2867,68.54
2867,68.56
2867,68.57
2868,68.59
2868,68.6
2869,68.61
2869,68.62
2869,68.63
2870,68.65
2869,68.66
2870,68.68
2870,68.69
2871,68.7
2871,68.71
2872,68.74
2872,68.75
2872,68.76
2872,68.77
2873,68.78
2873,68.8
2873,68.81
2873,68.83
2874,68.85
2874,68.86
2874,68.87
2874,68.88
2875,68.9
2875,68.92
2876,68.93
2876,68.95
2876,68.96
2878,68.97
2877,68.98
2878,69.01
2878,69.02
2878,69.03
2879,69.05
2879,69.06
2879,69.07
2879,69.08
2880,69.11
2880,69.12
2880,69.13
2881,69.15
2881,69.16
2882,69.17
2882,69.2
2882,69.21
2883,69.22
2883,69.23
2883,69.25
2883,69.26
2884,69.27
2884,69.3
2884,69.31
2885,69.32
2885,69.33
2886,69.35
2886,69.36
2887,69.38
2887,69.39
2887,69.41
2888,69.42
2887,69.43
2888,69.45
2888,69.46
2889,69.48
2889,69.5
2889,69.51
2890,69.52
2890,69.53
2891,69.54
2890,69.56
2891,69.58
2892,69.59
2891,69.61
2893,69.62
2892,69.63
2893,69.65
2893,69.67
2893,69.68
2894,69.69
2894,69.7
2894,69.72
2895,69.73
2895,69.75
2895,69.76
2895,69.78
2896,69.79
2896,69.8
2897,69.81
2897,69.84
2897,69.85
2898,69.86
2898,69.87
2898,69.88
2898,69.9
2899,69.91
2899,69.93
2899,69.94
2900,69.95
2900,69.97
2901,69.98
2901,69.99
2902,70.0
2901,70.03
2902,70.04
2902,70.05
2902,70.06
2903,70.07
2903,70.08
2903,70.11
2904,70.12
2904,70.13
2905,70.14
2904,70.15
2905,70.16
2905,70.18
2905,70.2
2906,70.21
2906,70.22
2906,70.23
2906,70.24
2907,70.27
2908,70.28
2907,70.29
2908,70.3
2908,70.31
2909,70.32
2909,70.33
2909,70.35
2910,70.37
2909,70.38
2910,70.39
2910,70.4
2911,70.41
2911,70.43
2911,70.44
2911,70.45
2911,70.46
2912,70.47
2912,70.48
2912,70.5
2912,70.52
2913,70.53
2914,70.54
2913,70.55
2914,70.56
2914,70.57
2914,70.58
2915,70.6
2915,70.61
2915,70.62
2916,70.63
2916,70.64
2915,70.65
2916,70.67
2917,70.68
2916,70.69
2917,70.7
2917,70.71
2918,70.72
2917,70.73
2918,70.75
2919,70.76
2918,70.77
2919,70.78
2919,70.79
2919,70.8
2919,70.82
2919,70.83
2921,70.84
2920,70.85
2921,70.86
2920,70.87
2922,70.88
2922,70.9
2922,70.91
2923,70.92
2922,70.93
2923,70.93
2922,70.94
2923,70.96
2923,70.97
2923,70.98
2924,70.99
2924,71.0
2925,71.01
2924,71.03
2924,71.04
2926,71.05
2925,71.05
2926,71.06
2925,71.07
2926,71.08
2927,71.1
2926,71.11
2927,71.12
2927,71.12
2927,71.13
2927,71.14
2927,71.16
2928,71.17
2927,71.18
2929,71.19
2928,71.19
2929,71.2
2929,71.21
2929,71.23
2930,71.24
2930,71.24
2930,71.25
2930,71.26
2931,71.27
2930,71.29
2931,71.29
2931,71.3
2931,71.31
2932,71.32
2932,71.33
2932,71.33
2932,71.35
2932,71.36
2933,71.37
2933,71.38
2933,71.38
2933,71.39
2934,71.41
2934,71.41
2933,71.42
2934,71.43
2934,71.44
2935,71.45
2935,71.46
2935,71.47
2936,71.48
2935,71.48
2936,71.49
2936,71.5
2936,71.51
2936,71.52
2936,71.53
2937,71.54
2936,71.54
2937,71.55
2937,71.56
2938,71.57
2938,71.58
2938,71.59
2938,71.6
2938,71.6
2939,71.61
2938,71.62
2939,71.63
2939,71.64
2939,71.65
2940,71.65
2940,71.66
2941,71.67
2940,71.68
2940,71.69
2941,71.69
2940,71.7
2941,71.71
2941,71.72
2941,71.72
2942,71.73
2942,71.74
2943,71.75
2942,71.75
2943,71.76
2942,71.77
2942,71.77
2943,71.79
2943,71.79
2943,71.8
2943,71.81
2944,71.81
2943,71.82
2944,71.83
2944,71.84
2944,71.84
2944,71.85
2944,71.86
2945,71.86
2945,71.88
2945,71.88
2945,71.89
2945,71.89
2946,71.9
2945,71.9
2946,71.92
2946,71.92
2946,71.93
2946,71.93
2946,71.94
2947,71.95
2947,71.95
2947,71.96
2947,71.97
2947,71.97
2948,71.98
2947,71.99
2948,71.99
2947,72.0
2948,72.01
2948,72.01
2948,72.02
2949,72.03
2948,72.03
2949,72.04
2948,72.05
2948,72.05
2949,72.06
2949,72.06
2949,72.07
2949,72.07
2950,72.08
2950,72.09
2950,72.09
2951,72.1
2950,72.1
2951,72.11
2950,72.12
2951,72.12
2951,72.13
2951,72.13
2951,72.14
2951,72.14
2952,72.15
2951,72.16
2951,72.16
2952,72.17
2952,72.17
2952,72.18
2952,72.18
2953,72.19
2952,72.2
2952,72.2
2953,72.21
2953,72.21
2953,72.22
2953,72.22
2954,72.23
2954,72.23
2953,72.24
2954,72.24
2953,72.25
2954,72.25
2954,72.25
2954,72.26
2955,72.27
2954,72.27
2954,72.28
2954,72.28
2955,72.28
2955,72.29
2954,72.3
2955,72.3
2955,72.31
2955,72.31
2955,72.31
2955,72.32
2955,72.32
2955,72.33
2956,72.33
2955,72.34
2957,72.34
2956,72.34
2957,72.35
2957,72.35
2956,72.36
2957,72.36
2956,72.36
2957,72.37
2957,72.38
2957,72.38
2957,72.38
2957,72.39
2958,72.39
2957,72.39
2958,72.4
2958,72.4
2957,72.41
2958,72.41
2958,72.41
2958,72.42
2958,72.42
2959,72.43
2958,72.43
2958,72.43
2959,72.44
2958,72.44
2959,72.44
2958,72.45
2959,72.46
2959,72.46
2959,72.46
2960,72.46
2959,72.47
2960,72.47
2959,72.48
2959,72.48
2960,72.48
2959,72.49
2960,72.49
2959,72.49
2960,72.49
2960,72.5
2959,72.5
2961,72.5
2960,72.51
2961,72.51
2960,72.51
2961,72.52
2961,72.52
2960,72.52
2961,72.53
2961,72.53
2961,72.53
2961,72.54
2961,72.54
2961,72.54
2961,72.55
2961,72.55
2961,72.55
2962,72.55
2961,72.56
2961,72.56
2962,72.56
2961,72.57
2962,72.57
2961,72.57
2962,72.58
2962,72.58
2961,72.58
2962,72.58
2962,72.58
2962,72.59
2962,72.59
2962,72.59
2963,72.59
2962,72.59
2963,72.6
2962,72.6
2963,72.6
2963,72.6
2963,72.6
2964,72.6
2963,72.61
2963,72.61
2963,72.61
2963,72.61
2963,72.61
2963,72.62
2964,72.62
2963,72.62
2963,72.62
2963,72.62
2964,72.62
2964,72.63
2963,72.63
2964,72.63
2964,72.63
2964,72.63
2964,72.64
2964,72.64
2964,72.64
2963,72.64
2965,72.64
2964,72.65
2964,72.65
2963,72.65
2964,72.65
2965,72.65
2964,72.66
2964,72.66
2964,72.66
2964,72.66
2965,72.66
2964,72.66
2964,72.67
2964,72.67
2965,72.67
2964,72.67
2965,72.67
2965,72.67
2964,72.67
2965,72.68
2964,72.68
2965,72.68
2964,72.68
2965,72.68
2965,72.68
2965,72.68
2965,72.68
2964,72.69
2965,72.69
2965,72.69
2965,72.69
2965,72.69
2965,72.69
2965,72.69
2965,72.69
2965,72.69
2965,72.7
2965,72.7
2965,72.7
2965,72.7
2965,72.7
2965,72.7
2966,72.7
2965,72.7
2964,72.7
2965,72.7
2965,72.7
2965,72.71
2965,72.71
2965,72.71
2966,72.71
2965,72.71
2966,72.71
2965,72.71
2965,72.71
2965,72.71
2965,72.71
2966,72.71
2965,72.71
2966,72.71
2965,72.71
2965,72.71
2966,72.71
2965,72.71
2965,72.71
2965,72.71
2966,72.71
2965,72.71
2965,72.71
2965,72.71
2965,72.71
2966,72.71
2965,72.71
2966,72.71
2965,72.71
2965,72.71
2966,72.71
2965,72.71
2966,72.71
2965,72.71
2966,72.71
2966,72.71
2965,72.71
2965,72.71
2965,72.71
2966,72.71
2965,72.71
2965,72.71
2966,72.71
2965,72.71
2966,72.71
2965,72.71
2965,72.71
2965,72.71
2965,72.71
2966,72.71
2965,72.71
2965,72.71
2965,72.71
2965,72.7
2965,72.7
2965,72.7
2965,72.7
2965,72.7
2965,72.7
2965,72.7
2966,72.7
2965,72.7
2964,72.7
2965,72.7
2965,72.7
2965,72.7
2964,72.7
2964,72.69
2965,72.69
2964,72.69
2965,72.69
2965,72.69
2965,72.69
2965,72.68
2965,72.68
2965,72.68
2965,72.68
2965,72.68
2965,72.68
2965,72.67
2965,72.67
2964,72.67
2965,72.67
2964,72.67
2965,72.67
2964,72.67
2965,72.67
2964,72.66
2964,72.66
2965,72.66
2965,72.66
2965,72.66
2965,72.66
2964,72.66
2965,72.66
2964,72.66
2965,72.66
2965,72.66
2965,72.66
2964,72.66
2964,72.66
2965,72.66
2964,72.66
2965,72.66
2964,72.7
2965,72.7
2965,72.7
2964,72.7
2965,72.7
2964,72.7
2965,72.7
2965,72.7
2965,72.7
2965,72.7
2964,72.7
2965,72.7
2965,72.7
2965,72.7
2964,72.7
2964,72.7
2965,72.7
2965,72.71
2966,72.71
2965,72.71
2965,72.71
2965,72.71
2964,72.71
2965,72.71
2965,72.71
2965,72.71
2965,72.71
2966,72.71
2966,72.71
2965,72.71
2966,72.71
2965,72.72
2966,72.72
2966,72.72
2966,72.73
2966,72.73
2966,72.73
2966,72.74
2966,72.74
2967,72.74
2966,72.75
2966,72.75
2967,72.76
2966,72.76
2967,72.76
2967,72.77
2968,72.78
2967,72.78
2967,72.78
2968,72.79
2967,72.79
2968,72.8
2968,72.8
2968,72.81
2968,72.81
2968,72.82
2969,72.82
2969,72.83
2969,72.83
2968,72.84
2969,72.85
2969,72.86
2969,72.86
2970,72.87
2969,72.87
2970,72.88
2970,72.89
2970,72.9
2971,72.9
2970,72.91
2971,72.92
2971,72.92
2972,72.93
2971,72.94
2971,72.95
2972,72.96
2972,72.97
2972,72.97
2972,72.98
2972,73.0
2973,73.0
2973,73.01
2974,73.02
2973,73.03
2974,73.04
2974,73.04
2974,73.06
2975,73.07
2974,73.08
2975,73.09
2975,73.1
2975,73.1
2975,73.12
2975,73.13
2976,73.14
2975,73.15
2977,73.16
2976,73.17
2977,73.18
2977,73.2
2977,73.21
2978,73.22
2977,73.23
2978,73.24
2978,73.25
2979,73.27
2979,73.28
2979,73.29
2980,73.3
2979,73.31
2980,73.32
2980,73.34
2980,73.35
2981,73.36
2980,73.37
2982,73.38
2981,73.39
2982,73.4
2982,73.42
2982,73.43
2983,73.44
2982,73.45
2983,73.46
2983,73.47
2984,73.49
2985,73.5
2984,73.51
2985,73.52
2985,73.53
2986,73.54
2985,73.55
2986,73.58
2986,73.59
2986,73.6
2987,73.61
2987,73.62
2987,73.63
2987,73.65
2987,73.66
2989,73.67
2988,73.68
2988,73.69
2988,73.7
2989,73.71
2990,73.73
2989,73.75
2990,73.75
2990,73.77
2990,73.78
2991,73.79
2991,73.81
2992,73.82
2991,73.83
2992,73.84
2992,73.85
2993,73.86
2992,73.88
2992,73.89
2994,73.9
2993,73.91
2995,73.92
2994,73.93
2995,73.94
2995,73.96
2995,73.97
2996,73.98
2995,73.99
2996,74.0
2996,74.01
2996,74.03
2997,74.04
2997,74.05
2997,74.06
2997,74.07
2998,74.09
2997,74.1
2998,74.11
2998,74.12
2998,74.13
2999,74.15
2999,74.15
3000,74.16
2999,74.18
3000,74.19
3001,74.2
3001,74.21
3001,74.22
3001,74.23
3001,74.24
3002,74.26
3001,74.27
3002,74.28
3002,74.29
3003,74.3
3002,74.31
3003,74.32
3004,74.34
3003,74.35
3004,74.36
3004,74.37
3005,74.38
3004,74.4
3005,74.41
3005,74.42
3005,74.43
3006,74.43
3005,74.44
3006,74.45
3006,74.47
3006,74.48
3007,74.49
3007,74.5
3007,74.51
3007,74.52
3008,74.54
3008,74.55
3008,74.55
3009,74.56
3008,74.57
3009,74.58
3009,74.59
3009,74.61
3010,74.62
3009,74.63
3011,74.64
3010,74.64
3011,74.65
3010,74.66
3011,74.68
3012,74.69
3011,74.7
3012,74.71
3011,74.71
3012,74.72
3012,74.74
3012,74.75
3013,74.76
3013,74.77
3014,74.77
3013,74.78
3014,74.79
3014,74.81
3014,74.81
3015,74.82
3014,74.83
3015,74.84
3015,74.86
3015,74.87
3016,74.87
3016,74.88
3016,74.89
3016,74.9
3017,74.91
3017,74.92
3016,74.93
3018,74.94
3017,74.95
3018,74.96
3018,74.96
3018,74.97
3018,74.99
3018,75.0
3019,75.0
3019,75.01
3019,75.02
3019,75.03
3020,75.04
3020,75.05
3020,75.06
3021,75.07
3020,75.07
3021,75.08
3021,75.09
3021,75.11
3022,75.11
3021,75.12
3022,75.13
3022,75.13
3022,75.14
3022,75.16
3022,75.17
3023,75.17
3023,75.18
3024,75.19
3023,75.19
3024,75.2
3024,75.22
3024,75.22
3024,75.23
3024,75.24
3025,75.25
3025,75.26
3025,75.27
3026,75.27
3025,75.28
3026,75.29
3025,75.29
3026,75.3
3026,75.31
3026,75.32
3027,75.33
3026,75.34
3027,75.34
3027,75.35
3027,75.36
3027,75.37
3027,75.37
3028,75.38
3027,75.39
3029,75.39
3028,75.4
3029,75.41
3029,75.42
3028,75.43
3030,75.43
3029,75.44
3030,75.45
3030,75.45
3030,75.46
3030,75.47
3030,75.48
3031,75.48
3031,75.49
3031,75.49
3031,75.51
3031,75.51
3032,75.52
3031,75.52
3031,75.53
3031,75.54
3033,75.54
3032,75.55
3031,75.56
3033,75.56
3032,75.57
3033,75.58
3032,75.58
3033,75.59
3033,75.6
3033,75.6
3034,75.61
3033,75.62
3034,75.62
3034,75.63
3034,75.64
3034,75.64
3034,75.65
3035,75.65
3035,75.66
3035,75.66
3035,75.67
3035,75.68
3036,75.69
3035,75.69
3036,75.7
3035,75.7
3036,75.71
3036,75.72
3035,75.72
3037,75.73
3036,75.73
3037,75.74
3037,75.74
3037,75.75
3038,75.76
3037,75.76
3038,75.77
3037,75.77
3038,75.78
3037,75.79
3038,75.79
3038,75.79
3037,75.8
3039,75.8
3038,75.81
3039,75.81
3039,75.82
3039,75.83
3040,75.83
3039,75.84
3039,75.84
3039,75.84
3040,75.85
3040,75.86
3039,75.86
3040,75.87
3039,75.87
3040,75.88
3040,75.88
3040,75.89
3041,75.89
3040,75.9
3041,75.9
3040,75.91
3041,75.91
3041,75.92
3041,75.92
3041,75.93
3041,75.93
3042,75.94
3041,75.94
3041,75.95
3042,75.95
3041,75.96
3042,75.96
3042,75.96
3042,75.97
3042,75.97
3043,75.98
3043,75.98
3042,75.99
3043,75.99
3042,75.99
3044,76.0
3043,76.0
3043,76.01
3043,76.01
3043,76.01
3044,76.02
3043,76.02
3044,76.02
3044,76.03
3043,76.03
3044,76.04
3043,76.04
3044,76.04
3044,76.05
3045,76.05
3045,76.06
3044,76.06
3045,76.06
3044,76.06
3045,76.07
3045,76.07
3045,76.08
3045,76.08
3045,76.08
3045,76.09
3045,76.09
3046,76.09
3045,76.1
3045,76.1
3046,76.11
3045,76.11
3047,76.11
3046,76.11
3046,76.12
3046,76.12
3046,76.12
3046,76.13
3046,76.13
3046,76.13
3046,76.14
3047,76.14
3047,76.14
3046,76.15
3047,76.15
3047,76.15
3047,76.16
3047,76.16
3047,76.16
3048,76.17
3047,76.17
3048,76.17
3046,76.17
3047,76.18
3047,76.18
3047,76.18
3048,76.19
3047,76.19
3048,76.19
3048,76.19
3048,76.19
3048,76.2
3047,76.2
3049,76.2
3048,76.21
3048,76.21
3048,76.21
3048,76.22
3049,76.22
3048,76.22
3049,76.22
3048,76.22
3049,76.23
3048,76.23
3048,76.23
3049,76.23
3048,76.24
3049,76.24
3048,76.24
3049,76.24
3049,76.24
3049,76.25
3049,76.25
3048,76.25
3050,76.25
3049,76.25
3050,76.26
3050,76.26
3049,76.26
3050,76.26
3049,76.26
3050,76.26
3049,76.27
3049,76.27
3050,76.27
3049,76.27
3050,76.28
3050,76.28
3050,76.28
3049,76.28
3049,76.28
3051,76.28
3050,76.29
3051,76.29
3050,76.29
3051,76.29
3050,76.29
3050,76.29
3051,76.29
3050,76.3
3051,76.3
3050,76.3
3051,76.3
3051,76.3
3050,76.3
3051,76.3
3050,76.3
3051,76.31
3050,76.31
3051,76.31
3051,76.31
3051,76.31
3051,76.31
3050,76.31
3051,76.31
3051,76.31
3050,76.31
3052,76.31
3050,76.31
3051,76.31
3051,76.31
3051,76.32
3051,76.32
3051,76.32
3051,76.32
3050,76.32
3051,76.32
3051,76.32
3051,76.32
3052,76.32
3051,76.32
3052,76.32
3050,76.32
3051,76.32
3051,76.32
3051,76.32
3052,76.32
3051,76.32
3052,76.32
3051,76.32
3052,76.32
3051,76.33
3051,76.33
3052,76.33
3051,76.33
3052,76.33
3051,76.33
3052,76.33
3052,76.33
3051,76.33
3052,76.33
3052,76.33
3052,76.33
3051,76.33
3051,76.33
3052,76.33
3051,76.33
3052,76.33
3051,76.33
3052,76.33
3051,76.33
3051,76.33
3052,76.33
3051,76.33
3051,76.33
3051,76.33
3052,76.33
3052,76.33
3051,76.33
3052,76.33
3051,76.33
3052,76.32
3051,76.32
3052,76.32
3052,76.32
3051,76.32
3051,76.32
3051,76.32
3052,76.32
3051,76.32
3051,76.32
3052,76.32
3051,76.32
3052,76.32
3051,76.32
3051,76.32
3051,76.32
3051,76.32
3052,76.32
3051,76.32
3051,76.31
3051,76.31
3052,76.31
3051,76.31
3050,76.31
3052,76.31
3051,76.31
3051,76.31
3051,76.31
3051,76.31
3051,76.31
3051,76.31
3051,76.3
3050,76.3
3051,76.3
3050,76.3
3050,76.3
3051,76.3
3050,76.3
3051,76.3
3050,76.3
3051,76.3
3051,76.29
3050,76.29
3051,76.29
3050,76.29
3051,76.29
3051,76.29
3051,76.29
3051,76.28
3050,76.28
3051,76.28
3050,76.28
3051,76.28
3051,76.28
3051,76.27
3051,76.27
3050,76.27
3051,76.27
3050,76.27
3051,76.27
3050,76.27
3050,76.26
3051,76.26
3050,76.26
3051,76.26
3050,76.26
3051,76.26
3050,76.25
3050,76.25
3051,76.25
3050,76.25
3051,76.25
3050,76.25
3051,76.24
3051,76.24
3050,76.24
3050,76.24
3050,76.24
3050,76.24
3049,76.23
3050,76.23
3050,76.23
3050,76.23
3050,76.23
3049,76.23
3050,76.22
3050,76.22
3049,76.22
3050,76.22
3049,76.22
3050,76.21
3049,76.21
3049,76.21
3049,76.21
3049,76.21
3050,76.2
3049,76.2
3049,76.2
3049,76.2
3049,76.2
3050,76.19
3048,76.19
3049,76.19
3048,76.19
3049,76.19
3048,76.18
3048,76.18
3049,76.18
3048,76.18
3048,76.18
3048,76.17
3049,76.17
3048,76.17
3048,76.17
3048,76.16
3047,76.16
3048,76.16
3047,76.16
3048,76.15
3048,76.15
3047,76.15
3048,76.15
3047,76.15
3048,76.14
3047,76.14
3047,76.14
3048,75.99
3047,75.99
3048,75.99
3047,75.99
3047,75.99
3046,75.99
3047,75.99
3047,75.99
3046,75.99
3047,75.99
3047,75.98
3047,75.98
3047,75.98
3046,75.98
3047,75.98
3046,75.98
3047,75.98
3046,75.98
3047,75.98
3047,75.98
3046,75.98
3046,75.98
3046,75.98
3046,75.98
3046,75.98
3045,75.98
3046,75.98
3045,75.98
3046,75.98
3045,75.97
3046,75.97
3045,75.97
3045,75.97
3046,75.97
3045,75.97
3045,75.97
3045,75.97
3045,75.97
3045,75.97
3044,75.97
3045,75.97
3044,75.97
3045,75.97
3044,75.97
3044,75.96
3045,75.96
3044,75.96
3045,75.96
3044,75.96
3044,75.96
3044,75.96
3044,75.96
3044,75.96
3043,75.96
3044,75.96
3043,75.96
3044,75.96
3043,75.95
3043,75.95
3044,75.95
3042,75.95
3043,75.94
3042,75.94
3043,75.94
3043,75.93
3042,75.93
