3047,74.86
3049,74.86
3047,74.86
3048,74.86
3047,74.86
3048,74.85
3048,74.85
3047,74.85
3048,74.85
3047,74.85
3048,74.85
3047,74.85
3048,74.84
3048,74.84
3047,74.84
3048,74.84
3047,74.84
3048,74.84
3047,74.84
3047,74.84
3048,74.84
3047,74.84
3048,74.84
3047,74.84
3048,74.84
3047,74.83
3047,74.83
3048,74.83
3046,74.83
3048,74.83
3047,74.83
3048,74.83
3048,74.83
3047,74.83
3048,74.83
3047,74.83
3048,74.83
3047,74.83
3048,74.83
3048,74.83
3047,74.83
3048,74.83
3047,74.83
3048,74.83
3046,74.83
3047,74.83
3048,74.83
3047,74.83
3047,74.83
3047,74.83
3048,74.83
3047,74.83
3046,74.83
3047,74.83
3047,74.83
3048,74.83
3047,74.83
3048,74.82
3048,74.82
3047,74.82
3048,74.82
3047,74.83
3048,74.83
3047,74.83
3047,74.83
3048,74.83
3046,74.83
3048,74.83
3047,74.83
3048,74.83
3047,74.83
3047,74.83
3048,74.83
3047,74.83
3048,74.83
3047,74.83
3048,74.84
3047,74.84
3047,74.84
3048,74.84
3047,74.84
3048,74.84
3047,74.84
3048,74.85
3048,74.85
3047,74.85
3049,74.85
3048,74.85
3048,74.85
3048,74.86
3048,74.86
3049,74.86
3047,74.86
3049,74.87
3048,74.87
3049,74.87
3049,74.87
3048,74.88
3049,74.88
3048,74.88
3049,74.88
3048,74.89
3050,74.89
3049,74.89
3049,74.9
3050,74.9
3049,74.9
3050,74.9
3049,74.91
3050,74.91
3050,74.91
3049,74.92
3050,74.92
3049,74.92
3050,74.92
3049,74.93
3050,74.93
3051,74.93
3050,74.94
3051,74.94
3050,74.94
3051,74.95
3051,74.95
3050,74.95
3051,74.96
3051,74.96
3052,74.96
3051,74.96
3052,74.97
3052,74.97
3051,74.97
3052,74.98
3051,74.98
3052,74.98
3051,74.98
3052,74.99
3052,74.99
3051,75.0
3053,75.0
3052,75.0
3053,75.0
3052,75.01
3052,75.01
3053,75.01
3052,75.02
3053,75.02
3052,75.02
3053,75.02
3053,75.03
3053,75.03
3054,75.03
3053,75.04
3054,75.04
3053,75.04
3054,75.05
3054,75.05
3053,75.05
3054,75.06
3053,75.06
3054,75.06
3054,75.06
3053,75.07
3055,75.07
3054,75.07
3055,75.08
3054,75.08
3055,75.08
3054,75.09
3054,75.09
3056,75.09
3054,75.1
3055,75.1
3054,75.1
3055,75.11
3056,75.11
3055,75.11
3056,75.11
3055,75.12
3056,75.12
3055,75.12
3056,75.13
3056,75.13
3055,75.14
3056,75.14
3056,75.14
3057,75.14
3056,75.15
3056,75.15
3057,75.15
3056,75.16
3057,75.16
3056,75.16
3057,75.16
3057,75.17
3056,75.17
3057,75.17
3056,75.18
3058,75.18
3057,75.18
3057,75.19
3057,75.19
3057,75.19
3058,75.19
3057,75.2
3058,75.2
3057,75.2
3057,75.21
3058,75.21
3057,75.21
3058,75.21
3058,75.22
3059,75.22
3058,75.22
3058,75.22
3059,75.23
3058,75.23
3059,75.23
3058,75.23
3059,75.24
3059,75.24
3058,75.24
3059,75.24
3058,75.25
3059,75.25
3058,75.25
3060,75.25
3060,75.26
3058,75.26
3060,75.26
3059,75.26
3060,75.27
3059,75.27
3059,75.27
3060,75.27
3059,75.28
3060,75.28
3059,75.28
3060,75.28
3059,75.29
3059,75.29
3061,75.29
3059,75.29
3060,75.29
3060,75.3
3061,75.3
3060,75.3
3060,75.3
3061,75.3
3060,75.31
3061,75.31
3060,75.31
3061,75.31
3061,75.31
3060,75.32
3061,75.32
3060,75.32
3061,75.32
3060,75.32
3060,75.33
3061,75.33
3060,75.33
3062,75.33
3061,75.33
3061,75.33
3061,75.34
3060,75.34
3062,75.34
3061,75.34
3062,75.34
3061,75.34
3062,75.35
3062,75.35
3061,75.35
3062,75.35
3061,75.35
3062,75.35
3061,75.36
3061,75.36
3062,75.36
3061,75.36
3062,75.36
3061,75.36
3062,75.37
3061,75.37
3061,75.37
3063,75.37
3061,75.37
3062,75.37
3061,75.38
3063,75.38
3062,75.38
3062,75.38
3063,75.38
3062,75.38
3063,75.38
3062,75.38
3063,75.39
3063,75.39
3062,75.39
3063,75.39
3062,75.39
3063,75.39
3062,75.39
3062,75.39
3063,75.4
3062,75.4
3063,75.4
3062,75.4
3063,75.4
3063,75.4
3062,75.4
3063,75.4
3062,75.4
3063,75.4
3063,75.41
3064,75.41
3063,75.41
3062,75.41
3064,75.41
3062,75.41
3063,75.41
3063,75.41
3063,75.41
3064,75.41
3063,75.42
3063,75.42
3063,75.42
3064,75.42
3063,75.42
3063,75.42
3064,75.42
3063,75.42
3064,75.42
3063,75.42
3064,75.42
3063,75.42
3063,75.43
3064,75.42
3063,75.43
3064,75.43
3063,75.43
3064,75.43
3064,75.43
3063,75.43
3064,75.43
3063,75.43
3064,75.43
3063,75.43
3063,75.43
3064,75.43
3063,75.43
3064,75.43
3063,75.43
3064,75.43
3063,75.43
3063,75.43
3064,75.43
3063,75.43
3064,75.43
3063,75.43
3064,75.43
3064,75.43
3063,75.43
3064,75.43
3063,75.43
3064,75.43
3063,75.43
3064,75.43
3064,75.43
3063,75.43
3064,75.44
3063,75.44
3064,75.43
3063,75.43
3063,75.43
3064,75.43
3063,75.43
3064,75.43
3062,75.43
3063,75.43
3063,75.43
3063,75.43
3064,75.43
3063,75.43
3064,75.43
3063,75.43
3064,75.43
3064,75.43
3063,75.43
3064,75.43
3063,75.43
3064,75.43
3063,75.43
3063,75.43
3064,75.43
3063,75.43
3064,75.43
3063,75.43
3063,75.43
3063,75.43
3063,75.43
3064,75.42
3063,75.42
3064,75.42
3063,75.42
3063,75.42
3063,75.42
3063,75.42
3064,75.42
3062,75.42
3063,75.42
3063,75.42
3063,75.42
3064,75.42
3062,75.42
3063,75.42
3062,75.41
3063,75.41
3062,75.41
3062,75.41
3063,75.41
3062,75.41
3063,75.41
3062,75.41
3063,75.41
3062,75.4
3062,75.4
3063,75.4
3062,75.4
3063,75.4
3062,75.4
3063,75.4
3063,75.4
3062,75.4
3062,75.4
3061,75.39
3063,75.39
3061,75.39
3062,75.39
3063,75.39
3061,75.39
3062,75.39
3061,75.39
3062,75.38
3062,75.38
3061,75.38
3062,75.38
3061,75.38
3062,75.38
3061,75.38
3062,75.38
3061,75.37
3061,75.37
3062,75.37
3061,75.37
3062,75.37
3061,75.37
3062,75.37
3062,75.36
3061,75.36
3062,75.36
3060,75.36
3062,75.36
3061,75.36
3061,75.35
3061,75.35
3060,75.35
3062,75.35
3060,75.35
3061,75.35
3060,75.35
3060,75.34
3061,75.34
3060,75.34
3061,75.34
3061,75.34
3061,75.34
3061,75.33
3060,75.33
3061,75.33
3060,75.33
3061,75.33
3060,75.33
3061,75.32
3061,75.32
3060,75.32
3061,75.32
3060,75.32
3060,75.31
3059,75.31
3060,75.31
3060,75.31
3059,75.31
3060,75.3
3059,75.3
3060,75.3
3059,75.3
3059,75.29
3060,75.29
3059,75.29
3060,75.29
3059,75.29
3060,75.29
3060,75.28
3058,75.28
3060,75.28
3058,75.28
3060,75.27
3058,75.27
3059,75.27
3059,75.27
3058,75.26
3059,75.26
3058,75.26
3059,75.25
3058,75.25
3058,75.25
3059,75.25
3058,75.25
3059,75.24
3058,75.24
3059,75.24
3058,75.24
3058,75.23
3059,75.23
3058,75.23
3058,75.23
3057,75.23
3058,75.22
3058,75.22
3057,75.22
3058,75.22
3057,75.21
3058,75.21
3057,75.21
3057,75.2
3058,75.2
3057,75.2
3057,75.2
3057,75.2
3057,75.19
3056,75.19
3056,75.19
3057,75.18
3056,75.18
3057,75.18
3056,75.18
3056,75.17
3056,75.17
3055,75.17
3057,75.17
3055,75.16
3057,75.16
3055,75.16
3056,75.15
3056,75.15
3055,75.15
3056,75.15
3055,75.14
3056,75.14
3055,75.14
3055,75.13
3056,75.13
3054,75.13
3055,75.13
3054,75.12
3055,75.12
3055,75.12
3054,75.11
3055,75.11
3054,75.11
3055,75.11
3054,75.11
3055,75.1
3054,75.1
3054,75.1
3055,75.09
3053,75.09
3054,75.09
3054,75.08
3054,75.08
3054,75.08
3053,75.07
3054,75.07
3053,75.07
3054,75.06
3053,75.06
3052,75.06
3054,75.05
3052,75.05
3054,75.05
3052,75.05
3053,75.04
3053,75.04
3052,75.04
3053,75.03
3052,75.03
3053,75.03
3052,75.02
3053,75.02
3052,75.02
3051,75.01
3052,75.01
3051,75.01
3052,75.0
3051,75.0
3052,75.0
3052,74.99
3051,74.99
3052,74.99
3051,74.98
3051,74.98
3051,74.98
3050,74.97
3051,74.97
3051,74.97
3051,74.96
3050,74.96
3051,74.95
3051,74.95
3050,74.95
3051,74.95
3050,74.94
3050,74.94
3050,74.94
3050,74.93
3050,74.93
3049,74.93
3050,74.92
3049,74.92
3050,74.92
3049,74.91
3049,74.91
3050,74.9
3048,74.9
3049,74.9
3048,74.89
3049,74.89
3048,74.88
3048,74.88
3049,74.88
3048,74.87
3049,74.87
3048,74.87
3049,74.87
3048,74.86
3047,74.85
3048,74.85
3047,74.85
3048,74.84
3047,74.84
3048,74.83
3048,74.83
3046,74.83
3047,74.82
3047,74.82
3047,74.82
3046,74.81
3046,74.81
3047,74.8
3046,74.8
3047,74.8
3045,74.79
3047,74.79
3046,74.78
3045,74.78
3046,74.78
3045,74.77
3046,74.77
3045,74.77
3046,74.76
3046,74.76
3045,74.75
3046,74.75
3044,74.75
3046,74.74
3044,74.73
3044,74.73
3045,74.73
3044,74.72
3045,74.72
3044,74.72
3045,74.71
3044,74.71
3043,74.7
3045,74.7
3043,74.69
3044,74.69
3043,74.69
3044,74.68
3043,74.68
3042,74.67
3044,74.67
3042,74.66
3043,74.66
3042,74.66
3043,74.65
3043,74.65
3042,74.64
3043,74.64
3042,74.64
3042,74.63
3041,74.63
3041,74.62
3042,74.62
3041,74.61
3042,74.61
3041,74.6
3042,74.6
3041,74.59
3040,74.59
3041,74.59
3040,74.58
3041,74.58
3040,74.58
3041,74.57
3041,74.56
3040,74.56
3041,74.56
3040,74.55
3040,74.55
3039,74.54
3040,74.54
3040,74.53
3039,74.53
3040,74.53
3039,74.52
3040,74.52
3039,74.51
3039,74.51
3039,74.5
3038,74.5
3039,74.49
3038,74.49
3039,74.49
3039,74.48
3038,74.48
3039,74.47
3038,74.47
3038,74.46
3037,74.46
3038,74.45
3038,74.45
3037,74.44
3038,74.44
3037,74.44
3038,74.43
3036,74.43
3037,74.42
3037,74.42
3036,74.41
3037,74.41
3036,74.41
3037,74.4
3036,74.4
3036,74.39
3036,74.39
3035,74.38
3036,74.38
3036,74.38
3036,74.37
3036,74.37
3034,74.36
3036,74.36
3035,74.35
3036,74.35
3035,74.35
3035,74.34
3035,74.34
3034,74.34
3035,74.33
3034,74.33
3035,74.33
3034,74.32
3034,74.32
3035,74.31
3033,74.31
3035,74.31
3033,74.31
3034,74.3
3034,74.3
3033,74.3
3034,74.29
3033,74.29
3034,74.29
3033,74.29
3034,74.28
3034,74.28
3032,74.28
3033,74.27
3032,74.27
3034,74.27
3032,74.27
3033,74.26
3033,74.26
3032,74.26
3033,74.26
3032,74.26
3033,74.25
3032,74.25
3032,74.25
3033,74.25
3032,74.25
3033,74.25
3032,74.25
3033,74.25
3032,74.24
3032,74.24
3032,74.24
3032,74.24
3032,74.24
3032,74.24
3033,74.24
3033,74.24
3032,74.24
3033,74.24
3032,74.24
3033,74.24
3032,74.24
3032,74.24
3033,74.24
3031,74.24
3033,74.24
3032,74.24
3033,74.24
3032,74.24
3032,74.24
3033,74.24
3032,74.24
3033,74.24
3032,74.24
3033,74.25
3033,74.25
3032,74.25
3033,74.25
3032,74.25
3033,74.25
3033,74.26
3034,74.26
3033,74.26
3033,74.26
3034,74.26
3033,74.27
3034,74.27
3033,74.27
3033,74.28
3034,74.28
3033,74.28
3035,74.29
3033,74.29
3035,74.29
3034,74.3
3034,74.3
3035,74.3
3034,74.31
3035,74.31
3034,74.31
3035,74.31
3035,74.32
3035,74.33
3036,74.33
3035,74.33
3036,74.34
3035,74.34
3036,74.35
3036,74.35
3036,74.35
3036,74.36
3035,74.36
3036,74.37
3036,74.37
3036,74.38
3037,74.38
3036,74.39
3038,74.39
3036,74.39
3037,74.4
3037,74.41
3037,74.41
3038,74.41
3037,74.42
3038,74.42
3037,74.43
3038,74.43
3038,74.44
3038,74.44
3039,74.45
3038,74.45
3039,74.46
3038,74.46
3039,74.47
3039,74.47
3038,74.48
3039,74.48
3039,74.49
3040,74.49
3039,74.5
3039,74.5
3040,74.51
3039,74.51
3040,74.52
3040,74.52
3040,74.52
3041,74.53
3040,74.54
3041,74.54
3040,74.55
3041,74.55
3040,74.55
3041,74.56
3042,74.57
3041,74.57
3042,74.58
3041,74.58
3042,74.58
3042,74.59
3042,74.6
3043,74.6
3042,74.61
3043,74.61
3042,74.61
3043,74.62
3042,74.63
3042,74.63
3044,74.63
3042,74.64
3044,74.64
3043,74.65
3044,74.66
3044,74.66
3043,74.66
3044,74.67
3043,74.67
3045,74.68
3044,74.68
3044,74.69
3045,74.69
3044,74.7
3046,74.7
3044,74.71
3046,74.71
3044,74.72
3045,74.72
3046,74.72
3045,74.73
3046,74.73
3045,74.74
3046,74.74
3046,74.75
3045,74.75
3047,74.75
3046,74.76
3047,74.76
3046,74.77
3048,74.78
3048,74.78
3046,74.78
3048,74.79
3047,74.79
3048,74.8
3047,74.8
3048,74.81
3048,74.81
3047,74.81
3049,74.82
3048,74.82
3049,74.82
3048,74.83
3048,74.84
3050,74.84
3048,74.84
3050,74.85
3048,74.85
3050,74.86
3050,74.86
3049,74.87
3050,74.87
3049,74.87
3050,74.88
3049,74.88
3050,74.89
3051,74.89
3049,74.89
3051,74.9
3050,74.9
3051,74.9
3050,74.91
3050,74.91
3051,74.92
3050,74.92
3052,74.93
3050,74.93
3052,74.93
3051,74.94
3051,74.94
3052,74.94
3051,74.95
3052,74.95
3051,74.95
3052,74.96
3052,74.96
3051,74.97
3053,74.97
3052,74.97
3053,74.98
3052,74.98
3053,74.99
3053,74.99
3052,74.99
3053,75.0
3052,75.0
3054,75.0
3053,75.01
3053,75.01
3054,75.02
3053,75.02
3054,75.02
3053,75.03
3054,75.03
3054,75.03
3053,75.04
3055,75.04
3054,75.04
3055,75.05
3054,75.05
3055,75.06
3055,75.06
3054,75.06
3055,75.06
3054,75.07
3055,75.07
3055,75.07
3055,75.08
3055,75.08
3055,75.09
3056,75.09
3055,75.09
3055,75.09
3055,75.1
3055,75.1
3056,75.1
3055,75.11
3056,75.11
3056,75.11
3056,75.12
3056,75.12
3055,75.12
3057,75.13
3056,75.13
3057,75.13
3056,75.14
3056,75.14
3057,75.14
3056,75.14
3057,75.15
3056,75.15
3057,75.15
3056,75.16
3057,75.16
3058,75.16
3056,75.16
3057,75.17
3057,75.17
3058,75.17
3058,75.18
3057,75.18
3058,75.18
3057,75.18
3058,75.18
3057,75.19
3058,75.19
3058,75.19
3057,75.2
3059,75.2
3057,75.2
3058,75.2
3058,75.2
3058,75.21
3059,75.21
3057,75.21
3059,75.21
3058,75.22
3059,75.22
3058,75.22
3058,75.22
3059,75.23
3058,75.23
3060,75.23
3058,75.23
3059,75.23
3059,75.24
3058,75.24
3060,75.24
3058,75.24
3060,75.25
3059,75.25
3060,75.25
3060,75.25
3059,75.25
3060,75.26
3059,75.26
3060,75.26
3059,75.26
3059,75.27
3060,75.27
3060,75.27
3060,75.27
3059,75.27
3060,75.28
3059,75.28
3059,75.28
3061,75.28
3059,75.28
3061,75.29
3059,75.29
3061,75.29
3061,75.29
3060,75.29
3061,75.3
3060,75.3
3061,75.3
3060,75.3
3061,75.3
3061,75.31
3060,75.31
3061,75.31
3060,75.31
3061,75.31
3060,75.31
3061,75.32
3061,75.32
3060,75.32
3062,75.32
3060,75.32
3062,75.33
3061,75.33
3061,75.33
3061,75.33
3061,75.33
3061,75.33
3061,75.33
3062,75.34
3062,75.34
3061,75.34
3062,75.34
3061,75.34
3062,75.34
3061,75.34
3061,75.35
3062,75.35
3061,75.35
3062,75.35
3061,75.35
3063,75.35
3061,75.35
3061,75.36
3063,75.36
3061,75.36
3062,75.36
3061,75.36
3063,75.36
3062,75.36
3061,75.36
3063,75.36
3062,75.36
3063,75.36
3062,75.36
3062,75.37
3063,75.37
3062,75.37
3063,75.37
3061,75.37
3063,75.37
3062,75.37
3062,75.37
3063,75.37
3062,75.37
3063,75.37
3062,75.37
3063,75.38
3062,75.38
3062,75.38
3063,75.38
3061,75.38
3063,75.38
3062,75.38
3063,75.38
3063,75.38
3062,75.38
3063,75.38
3062,75.38
3063,75.38
3062,75.38
3063,75.39
3063,75.39
3062,75.39
3063,75.39
3062,75.39
3063,75.39
3062,75.39
3062,75.39
3063,75.39
3062,75.39
3064,75.39
3062,75.39
3063,75.39
3063,75.39
3062,75.39
3063,75.39
3062,75.39
3063,75.39
3062,75.39
3063,75.39
3063,75.39
3062,75.39
3063,75.39
3062,75.39
3063,75.39
3061,75.39
3062,75.39
3063,75.39
3062,75.39
3063,75.39
3062,75.39
3063,75.39
3062,75.39
3062,75.39
3063,75.39
3061,75.39
3063,75.39
3062,75.39
3063,75.39
3062,75.39
3062,75.39
3063,75.39
3061,75.39
3063,75.39
3062,75.39
3062,75.39
3063,75.38
3061,75.38
3063,75.38
3062,75.38
3062,75.38
3061,75.38
3062,75.38
3063,75.38
3061,75.38
3063,75.38
3061,75.38
3062,75.38
3062,75.38
3062,75.38
3062,75.38
3061,75.38
3062,75.38
3061,75.38
3062,75.38
3062,75.38
3061,75.38
3062,75.37
3061,75.37
3062,75.37
3061,75.37
3062,75.37
3062,75.37
3061,75.37
3062,75.37
3061,75.37
3062,75.37
3061,75.37
3061,75.37
3062,75.37
3061,75.37
3062,75.37
3061,75.37
3062,75.36
3061,75.36
3061,75.36
3062,75.36
3061,75.36
3062,75.36
3061,75.36
3062,75.36
3062,75.36
3061,75.36
3062,75.36
3061,75.35
3062,75.35
3061,75.35
3061,75.35
3061,75.35
3061,75.35
3062,75.35
3061,75.35
3061,75.35
3061,75.35
3060,75.35
3061,75.34
3060,75.34
3061,75.34
3060,75.34
3061,75.34
3061,75.34
3060,75.33
3062,75.33
3060,75.33
3061,75.33
3060,75.33
3061,75.33
3061,75.33
3060,75.32
3061,75.32
3060,75.32
3060,75.32
3060,75.32
3060,75.32
3061,75.31
3059,75.31
3060,75.31
3059,75.31
3060,75.31
3060,75.31
3059,75.31
3060,75.31
3059,75.3
3060,75.3
3059,75.3
3060,75.3
3060,75.3
3059,75.3
3060,75.29
3059,75.29
3060,75.29
3058,75.29
3058,75.29
3059,75.29
3058,75.28
3060,75.28
3058,75.28
3059,75.28
3058,75.28
3058,75.27
3059,75.27
3058,75.27
3059,75.27
3058,75.27
3059,75.27
3058,75.26
3058,75.26
3059,75.26
3058,75.26
3059,75.25
3058,75.25
3059,75.25
3058,75.25
3057,75.25
3059,75.24
3057,75.24
3059,75.24
3057,75.24
3057,75.23
3058,75.23
3057,75.23
3058,75.23
3057,75.23
3058,75.22
3057,75.22
3057,75.22
3058,75.22
3057,75.21
3057,75.21
3057,75.21
3057,75.21
3057,75.2
3056,75.2
3057,75.2
3056,75.2
3057,75.19
3056,75.19
3057,75.19
3057,75.19
3056,75.18
3057,75.18
3056,75.18
3057,75.18
3056,75.17
3056,75.17
3057,75.17
3055,75.16
3057,75.16
3055,75.16
3056,75.16
3055,75.16
3055,75.15
3056,75.15
3055,75.15
3056,75.15
3055,75.14
3056,75.14
3055,75.14
3055,75.13
3055,75.13
3054,75.13
3055,75.13
3054,75.12
3055,75.12
3055,75.12
3054,75.11
3055,75.11
3054,75.11
3055,75.11
3054,75.1
3054,75.1
3055,75.09
3053,75.09
3054,75.09
3053,75.09
3054,75.09
3054,75.08
3053,75.08
3054,75.07
3053,75.07
3054,75.07
3053,75.07
3054,75.06
3053,75.06
3052,75.06
3053,75.05
3052,75.05
3053,75.05
3052,75.05
3052,75.04
3053,75.04
3052,75.03
3053,75.03
3052,75.03
3053,75.03
3052,75.02
3051,75.02
3053,75.02
3051,75.02
3053,75.01
3051,75.01
3052,75.01
3052,75.0
3051,75.0
3052,75.0
3051,75.0
3052,75.0
3051,74.99
3051,74.99
3051,74.98
3050,74.98
3051,74.98
3051,74.98
3051,74.97
3050,74.97
3050,74.97
3051,74.96
3050,74.96
3051,74.96
3050,74.95
3050,74.95
3050,74.95
3050,74.94
3050,74.94
3049,74.94
3051,74.93
3050,74.93
3050,74.93
3050,74.92
3049,74.92
3050,74.92
3049,74.91
3050,74.91
3049,74.91
3049,74.9
3049,74.9
3048,74.9
3049,74.89
3048,74.89
3049,74.89
3048,74.88
3048,74.88
3049,74.88
3048,74.88
3048,74.87
3048,74.87
3048,74.87
3048,74.86
3047,74.86
3048,74.85
3047,74.85
3048,74.85
3047,74.85
3048,74.84
3048,74.84
3047,74.83
3048,74.83
3046,74.83
3047,74.82
3046,74.82
3046,74.81
3047,74.81
3046,74.81
3047,74.81
3046,74.8
3047,74.8
3046,74.79
3045,74.79
3046,74.79
3045,74.78
3047,74.78
3045,74.78
3046,74.77
3046,74.77
3045,74.76
3046,74.76
3045,74.76
3046,74.76
3045,74.75
3045,74.75
3045,74.74
3044,74.74
3045,74.74
3044,74.73
3045,74.73
3044,74.72
3044,74.72
3044,74.72
3043,74.71
3044,74.71
3043,74.71
3044,74.7
3044,74.69
3043,74.69
3044,74.69
3043,74.68
3043,74.68
3043,74.68
3043,74.67
3043,74.67
3042,74.66
3043,74.66
3042,74.66
3043,74.65
3042,74.65
3042,74.64
3043,74.64
3041,74.63
3042,74.63
3041,74.63
3042,74.62
3041,74.62
3041,74.61
3042,74.61
3040,74.6
3042,74.6
3040,74.6
3041,74.59
3041,74.58
3040,74.58
3041,74.58
3040,74.57
3041,74.57
3039,74.56
3040,74.56
3040,74.55
3039,74.55
3040,74.54
3039,74.54
3040,74.54
3039,74.53
3039,74.53
3040,74.52
3039,74.52
3039,74.51
3039,74.51
3039,74.51
3038,74.5
3038,74.5
3039,74.49
3038,74.49
3039,74.49
3038,74.48
3038,74.48
3038,74.47
3037,74.47
3039,74.46
3037,74.46
3038,74.46
3037,74.45
3038,74.45
3038,74.44
3036,74.44
3038,74.44
3036,74.43
3037,74.43
3036,74.42
3036,74.42
3037,74.42
3036,74.41
3036,74.41
3036,74.41
3037,74.4
3037,74.39
3035,74.39
3036,74.39
3035,74.39
3036,74.38
3035,74.38
3036,74.37
3036,74.37
3035,74.37
3036,74.37
3035,74.36
3035,74.36
3035,74.36
3035,74.35
3036,74.35
3034,74.35
3036,74.35
3034,74.35
3035,74.34
3034,74.34
3034,74.34
3035,74.33
3034,74.33
3035,74.33
3034,74.33
3035,74.33
3034,74.33
3034,74.32
3035,74.32
3034,74.32
3034,74.32
3034,74.32
3034,74.32
3035,74.32
3034,74.32
3034,74.31
3033,74.31
3034,74.31
3033,74.31
3034,74.31
3035,74.31
3034,74.31
3035,74.31
3034,74.31
3035,74.31
3034,74.31
3033,74.31
3035,74.31
3034,74.31
3035,74.31
3034,74.31
3035,74.31
3035,74.31
3034,74.31
3035,74.31
3034,74.31
3035,74.32
3034,74.32
3034,74.32
3035,74.32
3034,74.32
3035,74.32
3034,74.32
3035,74.33
3034,74.33
3035,74.33
3036,74.33
3034,74.34
3036,74.34
3035,74.34
3036,74.34
3036,74.35
3035,74.35
3036,74.35
3035,74.35
3036,74.36
3036,74.36
3036,74.36
3036,74.37
3035,74.37
3036,74.37
3036,74.37
3037,74.38
3036,74.38
3036,74.39
3037,74.39
3036,74.39
3037,74.39
3036,74.4
3038,74.4
3037,74.41
3036,74.41
3038,74.41
3037,74.41
3038,74.42
3037,74.42
3038,74.43
3038,74.43
3038,74.43
3039,74.44
3037,74.44
3039,74.44
3037,74.45
3039,74.45
3039,74.45
3038,74.46
3039,74.46
3038,74.46
3039,74.47
3038,74.47
3039,74.48
3039,74.48
3039,74.48
3039,74.49
3039,74.49
3039,74.49
3039,74.5
3039,74.5
3040,74.51
3039,74.51
3040,74.51
3039,74.52
3040,74.52
3040,74.53
3039,74.53
3041,74.54
3040,74.54
3041,74.54
3040,74.55
3041,74.55
3042,74.56
3041,74.56
3041,74.56
3040,74.56
3042,74.57
3041,74.57
3041,74.58
3042,74.58
3041,74.59
3042,74.59
3041,74.59
3043,74.6
3042,74.6
3041,74.61
3043,74.61
3042,74.61
3043,74.62
3042,74.62
3043,74.63
3043,74.63
3042,74.63
3044,74.64
3043,74.64
3044,74.64
3043,74.65
3043,74.65
3044,74.66
3043,74.66
3044,74.67
3043,74.67
3044,74.67
3044,74.68
3044,74.68
3045,74.69
3044,74.69
3044,74.69
3044,74.7
3045,74.7
3045,74.71
3044,74.71
3045,74.71
3044,74.72
3046,74.72
3045,74.72
3045,74.73
3046,74.73
3045,74.74
3046,74.74
3045,74.74
3046,74.75
3045,74.75
3046,74.75
3047,74.76
3046,74.76
3047,74.77
3046,74.77
3047,74.77
3047,74.78
3046,74.78
3048,74.78
3046,74.79
3047,74.79
3046,74.79
3047,74.8
3047,74.8
3046,74.81
3048,74.81
3047,74.81
3048,74.81
3047,74.82
3048,74.82
3048,74.83
3047,74.83
3048,74.83
3048,74.84
3049,74.84
3048,74.84
3048,74.85
3049,74.85
3048,74.85
3049,74.85
3048,74.86
3049,74.86
3049,74.86
3048,74.87
3050,74.87
3049,74.87
3050,74.87
3049,74.88
3050,74.88
3050,74.89
3049,74.89
3051,74.89
3049,74.89
3050,74.9
3049,74.9
3050,74.9
3051,74.91
3049,74.91
3051,74.91
3050,74.91
3051,74.92
3050,74.92
3050,74.92
3051,74.93
3049,74.93
3051,74.93
3050,74.93
3052,74.94
3051,74.94
3050,74.94
3052,74.95
3051,74.95
3052,74.95
3051,74.95
3052,74.96
3052,74.96
3051,74.96
3052,74.97
3051,74.97
3052,74.97
3052,74.97
3051,74.98
3052,74.98
3051,74.98
3053,74.98
3052,74.99
3053,74.99
3052,74.99
3052,75.0
3053,75.0
3052,75.0
3053,75.0
3052,75.0
3053,75.01
3053,75.01
3052,75.01
3054,75.02
3053,75.02
3054,75.02
3053,75.02
3053,75.03
3054,75.03
3053,75.03
3054,75.03
3053,75.03
3054,75.04
3053,75.04
3054,75.04
3054,75.04
3053,75.05
3055,75.05
3054,75.05
3054,75.05
3054,75.06
3053,75.06
3055,75.06
3054,75.06
3055,75.06
3054,75.07
3055,75.07
3055,75.07
3054,75.07
3055,75.08
3054,75.08
3055,75.08
3054,75.08
3055,75.09
3056,75.09
3054,75.09
3055,75.09
3054,75.09
3056,75.1
3055,75.1
3054,75.1
3056,75.1
3055,75.1
3056,75.11
3054,75.11
3056,75.11
3055,75.11
3055,75.11
3056,75.12
3055,75.12
3056,75.12
3055,75.12
3056,75.12
3056,75.12
3055,75.13
3056,75.13
3055,75.13
3057,75.13
3055,75.13
3056,75.14
3057,75.14
3055,75.14
3057,75.14
3056,75.14
3057,75.14
3056,75.15
3056,75.15
3057,75.15
3056,75.15
3056,75.15
3055,75.15
3057,75.15
3057,75.16
3056,75.16
3058,75.16
3056,75.16
3057,75.16
3056,75.16
3056,75.16
3057,75.17
3056,75.17
3057,75.17
3056,75.17
3057,75.17
3057,75.17
3056,75.17
3057,75.17
3056,75.17
3057,75.17
3056,75.18
3058,75.18
3057,75.18
3057,75.18
3058,75.18
3057,75.18
3058,75.18
3057,75.18
3057,75.19
3058,75.19
3057,75.19
3058,75.19
3057,75.19
3058,75.19
3057,75.19
3057,75.19
3058,75.19
3057,75.19
3058,75.2
3057,75.2
3058,75.2
3057,75.2
3057,75.2
3058,75.2
3057,75.2
3058,75.2
3057,75.2
3058,75.2
3058,75.2
3057,75.2
3059,75.2
3057,75.2
3058,75.2
3057,75.21
3058,75.21
3058,75.21
3057,75.21
3058,75.21
3057,75.21
3058,75.21
3057,75.21
3057,75.21
3058,75.21
3057,75.21
3058,75.21
3057,75.21
3058,75.21
3058,75.21
3058,75.21
3059,75.22
3057,75.22
3059,75.22
3057,75.22
3058,75.22
3058,75.22
3057,75.22
3059,75.22
3057,75.22
3059,75.22
3058,75.22
3058,75.22
3059,75.22
3057,75.22
3059,75.22
3058,75.22
3059,75.22
3057,75.22
3057,75.22
3059,75.22
3058,75.22
3059,75.22
3058,75.23
3059,75.23
3058,75.23
3057,75.23
3058,75.22
3057,75.22
3058,75.23
3057,75.22
3058,75.22
3058,75.22
3057,75.22
3059,75.22
3057,75.22
3059,75.22
3057,75.22
3058,75.22
3058,75.22
3057,75.22
3058,75.22
3057,75.22
3058,75.22
3058,75.22
3057,75.22
3059,75.22
3058,75.22
3058,75.22
3057,75.22
3058,75.22
3059,75.22
3057,75.22
3058,75.22
3057,75.22
3058,75.22
3057,75.22
3058,75.22
3058,75.22
3057,75.22
3058,75.22
3057,75.22
3058,75.22
3057,75.21
3057,75.21
3058,75.21
3057,75.21
3058,75.21
3057,75.21
3059,75.21
3058,75.21
3057,75.21
3058,75.21
3057,75.21
3058,75.21
3057,75.21
3058,75.2
3058,75.2
3057,75.2
3059,75.2
3056,75.2
3058,75.2
3057,75.2
3057,75.2
3058,75.2
3056,75.19
3058,75.19
3057,75.19
3058,75.19
3057,75.19
3056,75.19
3058,75.19
3056,75.19
3058,75.19
3056,75.19
3057,75.19
3057,75.18
3057,75.18
3058,75.18
3056,75.18
3057,75.18
3056,75.18
3057,75.18
3057,75.18
3056,75.18
3057,75.18
3056,75.18
3057,75.18
3056,75.17
3056,75.17
3057,75.17
3056,75.17
3057,75.17
3055,75.17
3057,75.17
3056,75.16
3055,75.16
3056,75.16
3056,75.16
3057,75.16
3056,75.16
3057,75.16
3056,75.16
3055,75.15
3056,75.15
3056,75.15
3056,75.15
3055,75.15
3056,75.15
3057,75.15
3055,75.14
3056,75.14
3055,75.14
3056,75.14
3055,75.14
3055,75.14
3056,75.14
3055,75.13
3056,75.13
3055,75.13
3056,75.13
3055,75.13
3054,75.13
3056,75.12
3055,75.12
3056,75.12
3054,75.12
3055,75.12
3055,75.12
3054,75.12
3055,75.11
3054,75.11
3055,75.11
3054,75.11
3055,75.11
3055,75.11
3054,75.1
3055,75.1
3054,75.1
3055,75.1
3054,75.1
3054,75.09
3055,75.09
3054,75.09
3055,75.09
3053,75.09
3054,75.09
3054,75.08
3053,75.08
3054,75.08
3053,75.08
3054,75.08
3053,75.07
3054,75.07
3054,75.07
3053,75.07
3054,75.06
3053,75.06
3054,75.06
3052,75.06
3053,75.06
3054,75.05
3053,75.05
3054,75.05
3052,75.05
3053,75.05
3053,75.04
3052,75.04
3053,75.04
3052,75.04
3053,75.04
3052,75.03
3053,75.03
3052,75.03
3052,75.02
3053,75.02
3052,75.02
3053,75.02
3051,75.02
3052,75.01
3052,75.01
3052,75.01
3052,75.01
3051,75.0
3052,75.0
3051,75.0
3051,75.0
3052,74.99
3051,74.99
3052,74.99
3051,74.99
3051,74.98
3052,74.98
3051,74.98
3051,74.98
3051,74.97
3051,74.97
3050,74.97
3051,74.96
3051,74.96
3050,74.96
3051,74.96
3050,74.95
3051,74.95
3050,74.95
3050,74.94
3051,74.94
3049,74.94
3051,74.94
3049,74.94
3050,74.93
3049,74.93
3049,74.92
3051,74.92
3049,74.92
3050,74.92
3049,74.91
3050,74.91
3050,74.91
3049,74.9
3050,74.9
3048,74.9
3049,74.9
3049,74.89
3049,74.89
3049,74.88
3048,74.88
3050,74.88
3048,74.88
3049,74.87
3048,74.87
3048,74.87
3049,74.86
3048,74.86
3048,74.86
3048,74.85
3048,74.85
3048,74.84
3047,74.84
3048,74.84
3047,74.83
3048,74.83
3047,74.83
3048,74.82
3048,74.82
3046,74.82
3048,74.81
3046,74.81
3047,74.81
3046,74.81
3046,74.8
3048,74.8
3046,74.79
3047,74.79
3046,74.79
3047,74.78
3046,74.78
3045,74.78
3046,74.77
3045,74.77
3046,74.77
3045,74.76
3046,74.76
3046,74.75
3044,74.75
3046,74.75
3044,74.74
3046,74.74
3044,74.74
3045,74.73
3045,74.73
3044,74.73
3045,74.72
3044,74.72
3045,74.72
3044,74.71
3044,74.71
3045,74.7
3044,74.7
3044,74.7
3043,74.7
3045,74.69
3043,74.69
3043,74.68
3044,74.68
3043,74.68
3044,74.67
3043,74.67
3043,74.67
3043,74.66
3042,74.66
3043,74.65
3042,74.65
3043,74.65
3042,74.64
3042,74.64
3042,74.63
3041,74.63
3043,74.63
3041,74.62
3042,74.62
3041,74.61
3041,74.61
3042,74.6
3041,74.6
3042,74.6
3040,74.59
3042,74.59
3041,74.58
3040,74.58
3041,74.58
3040,74.57
3041,74.57
3039,74.57
3041,74.56
3041,74.55
3039,74.55
3041,74.55
3039,74.54
3040,74.54
3039,74.53
3039,74.53
3040,74.53
3039,74.52
3040,74.52
3039,74.51
3039,74.51
3039,74.5
3039,74.5
3040,74.5
3038,74.49
3039,74.49
3038,74.49
3039,74.48
3039,74.47
3038,74.47
3038,74.47
3037,74.46
3039,74.46
3037,74.46
3038,74.45
3038,74.45
3037,74.44
3038,74.44
3037,74.44
3037,74.43
3037,74.43
3037,74.42
3037,74.42
3036,74.41
3037,74.41
3036,74.41
3037,74.4
3036,74.39
3035,74.39
3036,74.39
3035,74.38
3036,74.38
3035,74.38
3036,74.37
3036,74.37
3035,74.36
3036,74.36
3034,74.35
3036,74.35
3034,74.35
3035,74.34
3035,74.34
3034,74.33
3035,74.33
3034,74.33
3034,74.32
3033,74.32
3034,74.31
3035,74.31
3033,74.31
3034,74.3
3033,74.3
3034,74.3
3034,74.29
3033,74.29
3034,74.29
3033,74.28
3033,74.28
3032,74.28
3033,74.27
3033,74.27
3032,74.27
3033,74.27
3032,74.26
3033,74.26
3032,74.26
3033,74.25
3033,74.25
3032,74.25
3033,74.25
3032,74.25
3033,74.24
3032,74.24
3032,74.24
3032,74.24
3031,74.24
3033,74.23
3031,74.23
3032,74.23
3032,74.23
3031,74.23
3032,74.23
3031,74.22
3033,74.22
3031,74.22
3032,74.22
3033,74.22
3031,74.22
3032,74.22
3031,74.22
3032,74.22
3031,74.22
3031,74.22
3032,74.22
3031,74.22
3032,74.22
3031,74.22
3032,74.22
3031,74.22
3031,74.22
3032,74.22
3031,74.22
3032,74.22
3031,74.22
3032,74.22
3032,74.22
3031,74.23
3033,74.23
3032,74.23
3033,74.23
3032,74.23
3032,74.23
3033,74.23
3032,74.23
3033,74.23
3031,74.24
3033,74.24
3032,74.24
3032,74.24
3033,74.24
3032,74.24
3033,74.25
3032,74.25
3033,74.25
3033,74.25
3032,74.25
3034,74.26
3032,74.26
3034,74.26
3033,74.26
3034,74.26
3034,74.27
3033,74.27
3034,74.27
3033,74.27
3034,74.28
3033,74.28
3034,74.28
3035,74.29
3033,74.29
3035,74.29
3033,74.29
3035,74.29
3034,74.3
3034,74.3
3035,74.3
3033,74.31
3035,74.31
3034,74.31
3035,74.31
3034,74.32
3034,74.32
3036,74.32
3034,74.32
3035,74.33
3034,74.33
3035,74.33
3036,74.33
3035,74.34
3035,74.34
3034,74.34
3036,74.35
3035,74.35
3035,74.35
3037,74.35
3035,74.36
3036,74.36
3036,74.36
3036,74.36
3036,74.37
3036,74.37
3037,74.37
3036,74.38
3037,74.38
3036,74.38
3037,74.38
3037,74.39
3036,74.39
3037,74.39
3036,74.4
3037,74.4
3037,74.4
3038,74.41
3038,74.41
3036,74.41
3038,74.41
3037,74.42
3038,74.42
3037,74.42
3037,74.43
3039,74.43
3037,74.43
3038,74.43
3038,74.44
3038,74.44
3038,74.44
3038,74.45
3039,74.45
3038,74.45
3039,74.46
3038,74.46
3039,74.47
3039,74.47
3039,74.66
3040,74.67
3039,74.67
3039,74.67
3039,74.67
3039,74.68
3041,74.68
3039,74.68
3041,74.68
3041,74.68
3042,74.69
3041,74.69
3041,74.69
3043,74.69
3042,74.69
3044,74.71
3043,74.71
3044,74.71
3044,74.73
3044,74.74
3045,74.75
