1818,23.29
1818,23.29
1818,23.29
1818,23.29
1818,23.29
1818,23.29
1818,23.3
1818,23.3
1818,23.3
1818,23.3
1818,23.3
1819,23.3
1819,23.31
1818,23.31
1819,23.31
1819,23.31
1818,23.31
1819,23.31
1819,23.32
1819,23.32
1819,23.32
1819,23.32
1819,23.32
1819,23.33
1819,23.33
1819,23.33
1819,23.33
1819,23.34
1819,23.34
1819,23.34
1819,23.34
1819,23.34
1819,23.35
1819,23.35
1820,23.35
1819,23.35
1820,23.36
1819,23.36
1820,23.36
1820,23.36
1820,23.37
1820,23.37
1820,23.37
1820,23.38
1820,23.38
1821,23.38
1820,23.38
1820,23.39
1820,23.39
1821,23.39
1821,23.4
1821,23.4
1821,23.4
1821,23.4
1821,23.41
1821,23.41
1821,23.42
1821,23.42
1821,23.42
1821,23.42
1821,23.43
1821,23.43
1821,23.44
1821,23.44
1820,23.44
1821,23.45
1820,23.45
1821,23.45
1821,23.46
1821,23.46
1821,23.47
1821,23.47
1821,23.47
1821,23.48
1821,23.48
1822,23.49
1821,23.49
1822,23.49
1822,23.5
1822,23.5
1822,23.51
1822,23.51
1822,23.52
1822,23.52
1822,23.53
1822,23.53
1823,23.53
1823,23.54
1823,23.55
1823,23.55
1823,23.56
1823,23.56
1823,23.56
1823,23.57
1823,23.58
1823,23.58
1823,23.59
1823,23.59
1823,23.6
1824,23.6
1824,23.61
1824,23.62
1824,23.62
1824,23.62
1824,23.63
1824,23.64
1824,23.64
1825,23.65
1825,23.66
1825,23.66
1825,23.67
1825,23.67
1825,23.68
1826,23.69
1825,23.69
1825,23.7
1826,23.7
1826,23.71
1826,23.71
1826,23.72
1827,23.73
1827,23.74
1827,23.74
1827,23.75
1827,23.75
1827,23.77
1827,23.77
1828,23.78
1828,23.79
1828,23.79
1828,23.8
1828,23.81
1828,23.82
1829,23.82
1829,23.83
1829,23.84
1829,23.84
1829,23.85
1829,23.86
1830,23.87
1830,23.88
1830,23.89
1830,23.89
1830,23.9
1831,23.91
1830,23.92
1831,23.93
1831,23.94
1832,23.94
1832,23.95
1832,23.96
1832,23.97
1832,23.98
1832,23.99
1832,24.0
1833,24.0
1833,24.01
1833,24.02
1834,24.03
1833,24.04
1834,24.05
1834,24.06
1834,24.07
1834,24.08
1834,24.08
1835,24.1
1835,24.11
1835,24.12
1835,24.13
1836,24.14
1836,24.15
1837,24.16
1836,24.17
1837,24.18
1837,24.19
1837,24.2
1838,24.2
1838,24.22
1838,24.23
1838,24.24
1839,24.25
1838,24.26
1839,24.27
1839,24.28
1839,24.3
1840,24.31
1840,24.32
1840,24.33
1840,24.34
1841,24.35
1841,24.37
1841,24.38
1841,24.39
1842,24.4
1842,24.41
1842,24.42
1843,24.43
1843,24.45
1843,24.46
1844,24.47
1844,24.48
1844,24.49
1845,24.5
1845,24.52
1845,24.53
1845,24.55
1846,24.56
1846,24.57
1846,24.58
1847,24.59
1847,24.61
1847,24.62
1847,24.64
1848,24.65
1848,24.66
1848,24.67
1848,24.69
1849,24.7
1849,24.72
1850,24.73
1850,24.74
1851,24.75
1851,24.78
1851,24.79
1851,24.8
1852,24.81
1852,24.83
1852,24.84
1853,24.85
1853,24.88
1853,24.89
1854,24.9
1854,24.91
1854,24.93
1855,24.94
1855,24.97
1855,24.98
1856,24.99
1856,25.0
1856,25.02
1857,25.03
1857,25.05
1857,25.07
1858,25.09
1858,25.1
1858,25.11
1859,25.13
1859,25.14
1859,25.17
1860,25.18
1860,25.2
1861,25.21
1861,25.23
1862,25.24
1862,25.25
1862,25.28
1863,25.3
1863,25.31
1863,25.33
1864,25.34
1865,25.36
1865,25.39
1865,25.4
1865,25.42
1866,25.43
1866,25.45
1867,25.46
1867,25.49
1868,25.51
1868,25.52
1869,25.54
1868,25.55
1869,25.57
1870,25.58
1870,25.62
1870,25.63
1871,25.65
1871,25.66
1872,25.68
1873,25.7
1872,25.73
1874,25.75
1874,25.76
1874,25.78
1874,25.8
1875,25.81
1875,25.83
1876,25.86
1877,25.88
1877,25.9
1877,25.91
1878,25.93
1879,25.95
1879,25.98
1879,26.0
1880,26.02
1880,26.03
1881,26.05
1881,26.07
1882,26.09
1882,26.12
1883,26.14
1883,26.16
1883,26.18
1884,26.19
1885,26.21
1885,26.23
1885,26.27
1886,26.28
1886,26.3
1887,26.32
1887,26.34
1888,26.36
1888,26.4
1889,26.42
1889,26.43
1890,26.45
1891,26.47
1891,26.49
1891,26.51
1892,26.55
1893,26.57
1893,26.59
1894,26.61
1894,26.63
1894,26.67
1895,26.69
1896,26.71
1896,26.72
1897,26.74
1897,26.77
1898,26.78
1899,26.83
1899,26.85
1899,26.87
1900,26.89
1901,26.91
1901,26.93
1902,26.95
1903,26.99
1903,27.01
1904,27.03
1904,27.05
1905,27.07
1905,27.09
1906,27.14
1907,27.16
1907,27.18
1908,27.2
1908,27.22
1909,27.24
1910,27.26
1910,27.31
1911,27.33
1911,27.35
1912,27.37
1912,27.4
1913,27.42
1914,27.46
1915,27.48
1915,27.51
1916,27.53
1916,27.55
1917,27.57
1918,27.6
1918,27.64
1919,27.67
1919,27.69
1920,27.71
1921,27.73
1921,27.76
1922,27.8
1922,27.83
1923,27.85
1924,27.87
1925,27.9
1925,27.92
1926,27.97
1926,27.99
1927,28.01
1928,28.04
1928,28.06
1929,28.09
1930,28.11
1930,28.16
1931,28.18
1932,28.21
1933,28.23
1933,28.25
1934,28.28
1934,28.33
1935,28.35
1936,28.38
1937,28.4
1937,28.43
1938,28.45
1939,28.48
1939,28.53
1940,28.55
1941,28.58
1942,28.61
1942,28.63
1943,28.66
1944,28.71
1944,28.73
1945,28.76
1946,28.78
1946,28.81
1947,28.84
1948,28.86
1949,28.91
1950,28.94
1950,28.97
1951,28.99
1951,29.02
1952,29.05
1953,29.1
1954,29.13
1954,29.15
1955,29.18
1956,29.21
1956,29.23
1957,29.29
1958,29.31
1959,29.34
1960,29.37
1960,29.4
1961,29.42
1962,29.45
1963,29.51
1963,29.53
1964,29.56
1965,29.59
1966,29.62
1967,29.65
1967,29.7
1968,29.73
1969,29.76
1970,29.79
1971,29.81
1972,29.84
1972,29.87
1973,29.93
1974,29.96
1975,29.99
1975,30.01
1976,30.04
1977,30.07
1978,30.13
1979,30.16
1979,30.19
1980,30.22
1981,30.25
1982,30.28
1983,30.31
1983,30.36
1984,30.39
1985,30.42
1986,30.45
1987,30.48
1987,30.51
1989,30.54
1989,30.6
1991,30.63
1991,30.66
1992,30.69
1993,30.72
1994,30.79
1995,30.81
1996,30.85
1996,30.88
1997,30.91
1998,30.94
1999,30.97
2000,31.03
2000,31.06
2002,31.09
2002,31.12
2003,31.16
2005,31.19
2005,31.25
2006,31.28
2007,31.31
2008,31.34
2008,31.37
2009,31.4
2010,31.43
2011,31.5
2012,31.53
2013,31.56
2014,31.59
2014,31.62
2015,31.65
2016,31.71
2017,31.74
2018,31.77
2018,31.8
2020,31.83
2020,31.86
2021,31.89
2022,31.96
2023,31.99
2024,32.02
2024,32.05
2025,32.08
2026,32.11
2027,32.14
2028,32.2
2029,32.23
2030,32.26
2030,32.29
2031,32.32
2032,32.38
2033,32.41
2034,32.44
2035,32.46
2035,32.49
2036,32.52
2037,32.55
2038,32.61
2039,32.64
2040,32.67
2041,32.7
2041,32.73
2042,32.76
2043,32.82
2044,32.85
2044,32.87
2046,32.9
2047,32.93
2047,32.96
2048,32.99
2048,33.05
2049,33.07
2050,33.1
2051,33.13
2052,33.16
2053,33.19
2053,33.22
2054,33.27
2055,33.3
2056,33.33
2057,33.36
2058,33.39
2058,33.41
2059,33.47
2060,33.5
2060,33.53
2061,33.55
2062,33.58
2063,33.61
2064,33.64
2065,33.69
2065,33.72
2066,33.75
2067,33.77
2068,33.8
2069,33.86
2069,33.89
2070,33.91
2071,33.94
2072,33.97
2073,34.0
2074,34.02
2075,34.05
2076,34.11
2077,34.14
2077,34.16
2079,34.19
2080,34.22
2080,34.25
2081,34.32
2082,34.35
2083,34.38
2084,34.41
2086,34.45
2086,34.48
2087,34.55
2088,34.58
2089,34.62
2091,34.65
2091,34.69
2092,34.72
2093,34.76
2094,34.83
2095,34.87
2096,34.91
2097,34.95
2099,34.98
2099,35.02
2101,35.1
2102,35.14
2103,35.18
2104,35.22
2105,35.26
2106,35.3
2107,35.34
2108,35.41
2109,35.45
2110,35.49
2112,35.53
2112,35.56
2113,35.6
2115,35.67
2115,35.71
2117,35.74
2118,35.78
2119,35.81
2120,35.85
2121,35.89
2122,35.97
2123,36.0
2124,36.04
2125,36.07
2126,36.11
2128,36.14
2129,36.22
2130,36.25
2131,36.29
2131,36.32
2132,36.36
2134,36.39
2135,36.46
2136,36.49
2137,36.53
2138,36.56
2139,36.59
2140,36.62
2141,36.66
2142,36.72
2143,36.76
2144,36.79
2145,36.82
2145,36.86
2146,36.89
2147,36.95
2149,36.99
2150,37.02
2151,37.05
2152,37.08
2153,37.11
2154,37.14
2154,37.2
2155,37.22
2156,37.25
2157,37.28
2158,37.31
2159,37.34
2160,37.39
2161,37.42
2162,37.45
2163,37.48
2164,37.51
2164,37.54
2165,37.57
2166,37.63
2167,37.66
2168,37.68
2169,37.71
2170,37.74
2170,37.76
2172,37.79
2173,37.84
2173,37.86
2174,37.89
2175,37.91
2176,37.94
2176,37.99
2177,38.02
2178,38.04
2178,38.06
2180,38.09
2180,38.11
2181,38.14
2182,38.19
2183,38.22
2183,38.24
2184,38.27
2185,38.29
2187,38.31
2186,38.36
2187,38.39
2188,38.41
2189,38.44
2190,38.46
2190,38.48
2191,38.51
2191,38.55
2193,38.58
2193,38.6
2194,38.62
2195,38.65
2195,38.67
2196,38.69
2197,38.74
2198,38.76
2198,38.78
2199,38.81
2200,38.83
2200,38.85
2201,38.89
2202,38.92
2202,38.94
2203,38.96
2204,38.98
2204,39.0
2205,39.03
2206,39.07
2207,39.1
2207,39.12
2208,39.14
2209,39.16
2210,39.21
2210,39.23
2211,39.25
2211,39.27
2212,39.29
2213,39.31
2213,39.33
2214,39.38
2215,39.4
2216,39.42
2216,39.44
2217,39.46
2217,39.48
2218,39.5
2219,39.55
2219,39.57
2220,39.59
2221,39.61
2221,39.63
2222,39.65
2222,39.69
2223,39.71
2223,39.73
2224,39.75
2225,39.77
2226,39.79
2227,39.81
2227,39.86
2227,39.88
2228,39.9
2229,39.92
2229,39.94
2230,39.96
2231,40.0
2231,40.02
2232,40.04
2232,40.06
2233,40.08
2234,40.1
2234,40.12
2235,40.17
2236,40.19
2236,40.21
2237,40.24
2238,40.26
2238,40.28
2239,40.32
2239,40.34
2240,40.36
2240,40.38
2241,40.4
2241,40.42
2242,40.46
2243,40.48
2243,40.5
2244,40.53
2244,40.55
2245,40.57
2246,40.59
2246,40.62
2247,40.65
2247,40.67
2248,40.69
2249,40.71
2249,40.72
2250,40.76
2251,40.78
2251,40.8
2252,40.82
2252,40.84
2253,40.86
2253,40.87
2254,40.91
2254,40.93
2255,40.94
2256,40.96
2256,40.98
2257,41.0
2257,41.03
2258,41.05
2258,41.07
2259,41.09
2260,41.1
2260,41.12
2260,41.14
2261,41.17
2261,41.18
2262,41.2
2263,41.21
2263,41.23
2264,41.24
2264,41.27
2265,41.29
2265,41.31
2266,41.32
2266,41.34
2267,41.35
2267,41.38
2268,41.4
2268,41.41
2269,41.43
2270,41.44
2270,41.46
2271,41.47
2271,41.5
2271,41.52
2272,41.53
2272,41.55
2272,41.56
2273,41.58
2274,41.61
2274,41.62
2275,41.64
2275,41.66
2276,41.67
2276,41.69
2276,41.7
2277,41.73
2277,41.74
2278,41.75
2278,41.77
2279,41.78
2279,41.8
2279,41.83
2280,41.84
2281,41.86
2281,41.87
2281,41.88
2282,41.9
2282,41.91
2283,41.94
2283,41.96
2284,41.97
2284,41.98
2285,42.0
2285,42.01
2285,42.02
2286,42.05
2286,42.06
2287,42.08
2287,42.09
2287,42.11
2288,42.13
2288,42.15
2289,42.16
2289,42.17
2289,42.18
2290,42.2
2290,42.21
2291,42.23
2291,42.25
2292,42.27
2292,42.28
2293,42.29
2293,42.3
2293,42.33
2294,42.34
2295,42.36
2295,42.37
2295,42.38
2296,42.4
2297,42.41
2297,42.44
2297,42.45
2298,42.46
2298,42.48
2298,42.49
2299,42.5
2299,42.52
2299,42.55
2300,42.56
2300,42.58
2301,42.59
2301,42.6
2301,42.61
2302,42.64
2302,42.65
2303,42.67
2303,42.68
2303,42.69
2304,42.71
2304,42.72
2305,42.75
2305,42.76
2305,42.77
2306,42.78
2306,42.8
2307,42.81
2307,42.83
2307,42.85
2308,42.86
2308,42.87
2309,42.89
2309,42.9
2310,42.91
2310,42.94
2310,42.95
2310,42.96
2310,42.98
2311,42.99
2311,43.01
2312,43.03
2312,43.04
2313,43.05
2313,43.06
2313,43.08
2314,43.09
2314,43.12
2315,43.13
2315,43.14
2316,43.16
2316,43.17
2316,43.18
2316,43.19
2317,43.22
2317,43.23
2318,43.25
2318,43.26
2318,43.27
2319,43.28
2319,43.31
2319,43.32
2320,43.33
2320,43.35
2321,43.36
2321,43.37
2321,43.38
2322,43.41
2322,43.42
2323,43.44
2323,43.45
2323,43.46
2324,43.47
2324,43.5
2324,43.51
2324,43.52
2325,43.54
2326,43.55
2326,43.56
2326,43.57
2326,43.6
2327,43.61
2327,43.62
2327,43.63
2328,43.64
2328,43.66
2328,43.68
2329,43.69
2329,43.7
2330,43.71
2330,43.73
2330,43.74
2330,43.76
2331,43.77
2331,43.79
2332,43.8
2332,43.81
2332,43.82
2332,43.83
2333,43.86
2333,43.87
2334,43.88
2334,43.89
2335,43.9
2335,43.91
2335,43.94
2335,43.95
2335,43.96
2336,43.97
2336,43.98
2336,43.99
2337,44.01
2337,44.03
2338,44.04
2338,44.05
2338,44.06
2339,44.08
2339,44.09
2339,44.11
2340,44.12
2340,44.13
2340,44.15
2341,44.16
2341,44.17
2341,44.18
2341,44.2
2341,44.21
2342,44.22
2342,44.23
2342,44.24
2343,44.25
2343,44.28
2344,44.29
2344,44.3
2344,44.31
2344,44.32
2345,44.33
2345,44.35
2345,44.36
2346,44.37
2346,44.38
2347,44.39
2347,44.4
2347,44.41
2347,44.43
2348,44.44
2348,44.46
2349,44.47
2349,44.48
2349,44.49
2349,44.51
2350,44.52
2350,44.53
2350,44.54
2351,44.55
2351,44.56
2351,44.57
2351,44.59
2351,44.6
2352,44.61
2352,44.62
2353,44.63
2353,44.64
2353,44.66
2353,44.67
2354,44.68
2354,44.69
2354,44.7
2355,44.71
2355,44.72
2356,44.74
2355,44.75
2356,44.76
2356,44.77
2357,44.78
2357,44.79
2357,44.8
2358,44.82
2358,44.83
2357,44.84
2358,44.85
2359,44.86
2359,44.88
2359,44.89
2359,44.9
2360,44.91
2360,44.92
2360,44.93
2361,44.94
2361,44.96
2361,44.97
2362,44.98
2362,44.99
2362,45.0
2362,45.0
2363,45.02
2363,45.03
2363,45.04
2364,45.05
2364,45.06
2364,45.07
2365,45.08
2365,45.1
2364,45.11
2365,45.12
2365,45.13
2365,45.14
2366,45.15
2366,45.16
2366,45.17
2367,45.18
2367,45.19
2367,45.2
2367,45.21
2368,45.22
2368,45.24
2368,45.25
2368,45.26
2369,45.27
2369,45.28
2369,45.29
2369,45.29
2370,45.31
2371,45.32
2371,45.33
2371,45.34
2371,45.35
2371,45.37
2371,45.38
2372,45.39
2372,45.4
2373,45.41
2372,45.42
2373,45.42
2373,45.44
2374,45.45
2374,45.46
2374,45.47
2374,45.48
2375,45.49
2375,45.5
2375,45.52
2375,45.53
2375,45.54
2376,45.54
2376,45.55
2376,45.56
2377,45.58
2377,45.59
2377,45.6
2378,45.61
2378,45.62
2378,45.62
2378,45.63
2379,45.65
2379,45.66
2379,45.67
2379,45.68
2380,45.69
2380,45.7
2380,45.71
2381,45.72
2381,45.73
2381,45.74
2381,45.75
2381,45.76
2382,45.77
2382,45.78
2382,45.79
2383,45.8
2383,45.81
2383,45.82
2383,45.83
2383,45.84
2384,45.85
2384,45.86
2385,45.87
2385,45.88
2385,45.88
2385,45.89
2386,45.91
2386,45.92
2386,45.92
2386,45.93
2386,45.94
2387,45.95
2387,45.96
2387,45.97
2387,45.98
2387,45.99
2388,45.99
2388,46.0
2388,46.02
2388,46.02
2389,46.03
2389,46.04
2389,46.05
2389,46.05
2389,46.06
2390,46.08
2390,46.08
2390,46.09
2390,46.1
2391,46.11
2391,46.11
2391,46.13
2391,46.13
2391,46.14
2392,46.15
2392,46.16
2392,46.16
2392,46.17
2393,46.19
2393,46.19
2393,46.2
2393,46.21
2393,46.21
2393,46.22
2394,46.23
2394,46.24
2394,46.25
2394,46.25
2395,46.26
2395,46.27
2395,46.27
2395,46.29
2395,46.29
2396,46.3
2396,46.31
2396,46.31
2396,46.32
2397,46.32
2396,46.34
2396,46.35
2397,46.35
2397,46.36
2398,46.36
2398,46.38
2398,46.38
2398,46.39
2398,46.39
2398,46.4
2398,46.41
2398,46.41
2399,46.42
2399,46.43
2399,46.44
2399,46.44
2399,46.45
2399,46.45
2399,46.47
2400,46.47
2400,46.48
2400,46.48
2401,46.49
2400,46.49
2400,46.5
2401,46.51
2401,46.52
2401,46.52
2401,46.53
2401,46.53
2401,46.54
2402,46.54
2402,46.56
2402,46.56
2402,46.57
2402,46.57
2403,46.58
2403,46.58
2403,46.59
2403,46.6
2403,46.6
2403,46.61
2403,46.61
2403,46.62
2404,46.62
2404,46.64
2404,46.64
2404,46.64
2404,46.65
2405,46.65
2404,46.66
2405,46.67
2405,46.67
2405,46.68
2405,46.69
2405,46.69
2406,46.69
2406,46.7
2406,46.71
2406,46.71
2406,46.72
2407,46.72
2407,46.73
2407,46.73
2407,46.74
2407,46.75
2407,46.75
2407,46.76
2407,46.76
2408,46.77
2408,46.77
2408,46.78
2408,46.79
2408,46.79
2409,46.79
2409,46.8
2409,46.8
2409,46.81
2409,46.82
2409,46.82
2409,46.83
2409,46.83
2409,46.83
2409,46.84
2409,46.85
2410,46.85
2410,46.86
2410,46.86
2410,46.87
2410,46.87
2410,46.88
2411,46.88
2411,46.89
2411,46.89
2411,46.89
2411,46.9
2411,46.91
2411,46.91
2412,46.92
2411,46.92
2412,46.92
2412,46.93
2412,46.93
2412,46.94
2413,46.94
2412,46.95
2413,46.95
2413,46.96
2413,46.96
2413,46.97
2413,46.97
2414,46.97
2414,46.98
2414,46.98
2414,46.98
2414,46.99
2414,47.0
2414,47.0
2414,47.0
2414,47.01
2414,47.01
2415,47.01
2414,47.02
2415,47.02
2415,47.03
2415,47.03
2415,47.04
2415,47.04
2415,47.05
2416,47.05
2415,47.05
2415,47.06
2415,47.06
2416,47.06
2416,47.07
2416,47.07
2416,47.08
2416,47.08
2416,47.08
2416,47.09
2417,47.09
2417,47.1
2417,47.1
2417,47.1
2417,47.11
2417,47.11
2418,47.11
2417,47.12
2417,47.12
2418,47.13
2417,47.13
2418,47.13
2418,47.14
2418,47.14
2418,47.15
2418,47.15
2418,47.15
2419,47.16
2418,47.16
2418,47.16
2419,47.17
2419,47.17
2419,47.18
2419,47.18
2419,47.18
2419,47.18
2419,47.19
2419,47.19
2420,47.2
2420,47.2
2420,47.2
2420,47.21
2420,47.21
2420,47.22
2420,47.22
2420,47.22
2420,47.22
2420,47.23
2420,47.23
2421,47.23
2421,47.24
2421,47.24
2421,47.24
2421,47.25
2421,47.25
2421,47.25
2421,47.26
2421,47.26
2422,47.26
2422,47.27
2422,47.27
2422,47.27
2422,47.28
2422,47.28
2422,47.29
2422,47.29
2422,47.29
2423,47.29
2422,47.3
2423,47.3
2423,47.31
2423,47.31
2423,47.31
2423,47.31
2423,47.32
2423,47.32
2423,47.32
2423,47.33
2423,47.33
2423,47.33
2424,47.34
2424,47.34
2424,47.35
2424,47.35
2424,47.35
2424,47.36
2424,47.36
2424,47.36
2424,47.37
2424,47.37
2425,47.37
2425,47.38
2425,47.38
2425,47.38
2425,47.39
2425,47.39
2425,47.4
2426,47.4
2426,47.4
2425,47.41
2426,47.41
2426,47.41
2426,47.42
2426,47.42
2426,47.43
2427,47.43
2427,47.43
2426,47.44
2427,47.45
2429,47.45
2429,47.45
2431,47.46
2431,47.46
2431,47.46
2431,47.47
2431,47.47
2431,47.48
2432,47.48
2432,47.49
2433,47.49
2432,47.5
2433,47.5
2433,47.51
2433,47.51
2433,47.52
2434,47.52
2433,47.53
2434,47.54
2434,47.54
2435,47.55
2434,47.55
2434,47.56
2435,47.56
2435,47.57
2435,47.58
2436,47.59
2435,47.59
2436,47.6
2436,47.61
2436,47.61
2436,47.62
2436,47.63
2437,47.64
2437,47.64
2437,47.65
2437,47.66
2437,47.66
2438,47.68
2438,47.68
2438,47.69
2438,47.7
2439,47.7
2439,47.71
2438,47.72
2439,47.73
2439,47.74
2439,47.74
2440,47.75
2440,47.76
2440,47.77
2440,47.78
2441,47.79
2441,47.8
2441,47.81
2441,47.81
2441,47.82
2441,47.84
2442,47.85
2442,47.86
2442,47.86
2443,47.87
2443,47.88
2444,47.9
2444,47.91
2444,47.92
2444,47.92
2444,47.93
2445,47.94
2445,47.95
2445,47.97
2445,47.98
2446,47.99
2446,48.0
2446,48.01
2446,48.02
2446,48.04
2447,48.05
2447,48.05
2447,48.06
2448,48.08
2448,48.08
2448,48.1
2448,48.12
2449,48.12
2449,48.14
2449,48.15
2450,48.16
2450,48.17
2450,48.19
2451,48.2
2451,48.21
2452,48.22
2451,48.23
2452,48.24
2452,48.25
2453,48.28
2453,48.29
2453,48.3
2453,48.31
2453,48.32
2454,48.33
2454,48.35
2455,48.36
2455,48.37
2455,48.39
2455,48.4
2456,48.41
2456,48.43
2456,48.44
2457,48.45
2457,48.47
2457,48.48
2458,48.49
2458,48.5
2458,48.52
2459,48.53
2459,48.55
2459,48.56
2459,48.57
2460,48.58
2460,48.6
2461,48.61
2461,48.62
2461,48.64
2462,48.65
2462,48.66
2462,48.67
2462,48.69
2462,48.7
2462,48.72
2463,48.73
2464,48.74
2463,48.75
2464,48.77
2464,48.79
2465,48.8
2465,48.81
2465,48.82
2465,48.83
2466,48.84
2466,48.86
2466,48.88
2466,48.89
2467,48.9
2467,48.91
2468,48.92
2468,48.93
2468,48.96
2469,48.97
2469,48.98
2470,48.99
2470,49.0
2470,49.02
2470,49.04
2470,49.05
2471,49.06
2471,49.07
2471,49.08
2471,49.09
2472,49.11
2473,49.12
2473,49.14
2473,49.15
2474,49.16
2474,49.17
2474,49.19
2475,49.2
2475,49.22
2475,49.23
2475,49.24
2476,49.25
2476,49.26
2476,49.28
2476,49.3
2477,49.31
2477,49.32
2477,49.33
2478,49.34
2478,49.35
2479,49.37
2478,49.38
2479,49.39
2479,49.41
2480,49.42
2480,49.43
2480,49.45
2480,49.46
2481,49.47
2481,49.48
2481,49.49
2482,49.5
2482,49.51
2482,49.54
2483,49.55
2483,49.56
2484,49.57
2484,49.58
2484,49.6
2484,49.61
2484,49.62
2485,49.63
2486,49.64
2485,49.65
2486,49.67
2486,49.68
2487,49.7
2487,49.71
2486,49.72
2487,49.73
2488,49.74
2488,49.75
2488,49.77
2489,49.78
2489,49.79
2489,49.8
2490,49.81
2490,49.82
2490,49.84
2490,49.85
2491,49.87
2491,49.88
2491,49.89
2491,49.9
2492,49.91
2492,49.93
2492,49.94
2493,49.95
2493,49.96
2493,49.97
2494,49.98
2494,50.0
2494,50.01
2494,50.02
2494,50.03
2495,50.04
2495,50.05
2495,50.06
2495,50.08
2496,50.09
2496,50.1
2496,50.11
2497,50.12
2497,50.13
2497,50.15
2497,50.16
2497,50.17
2498,50.18
2498,50.19
2499,50.2
2499,50.21
2499,50.23
2500,50.24
2500,50.25
2500,50.25
2500,50.27
2501,50.27
2501,50.29
2501,50.3
2502,50.31
2502,50.32
2502,50.33
2502,50.34
2503,50.36
2503,50.37
2503,50.38
2503,50.39
2504,50.4
2504,50.41
2504,50.42
2504,50.44
2505,50.45
2505,50.45
2505,50.46
2506,50.47
2506,50.48
2506,50.5
2506,50.51
2507,50.52
2507,50.53
2507,50.54
2508,50.55
2508,50.55
2508,50.57
2508,50.58
2509,50.59
2509,50.6
2509,50.61
2510,50.62
2509,50.64
2510,50.64
2510,50.65
2510,50.66
2511,50.67
2511,50.68
2511,50.69
2511,50.71
2512,50.72
2512,50.72
2512,50.73
2513,50.74
2513,50.75
2513,50.76
2513,50.78
2514,50.79
2513,50.79
2514,50.8
2514,50.81
2515,50.83
2515,50.84
2515,50.84
2515,50.85
2515,50.86
2516,50.87
2516,50.88
2516,50.89
2517,50.9
2517,50.91
2517,50.92
2517,50.93
2517,50.94
2518,50.95
2518,50.96
2518,50.97
2518,50.98
2518,50.99
2519,50.99
2519,51.0
2519,51.02
2519,51.03
2520,51.03
2520,51.04
2520,51.05
2520,51.06
2520,51.06
2521,51.08
2521,51.09
2521,51.1
2521,51.11
2521,51.11
2522,51.12
2522,51.14
2522,51.15
2523,51.15
2522,51.16
2523,51.17
2523,51.18
2524,51.18
2524,51.2
2524,51.21
2524,51.21
2525,51.22
2525,51.23
2525,51.25
2525,51.25
2526,51.26
2526,51.27
2526,51.28
2526,51.28
2526,51.29
2527,51.31
2527,51.31
2527,51.32
2527,51.33
2527,51.34
2528,51.34
2528,51.36
2528,51.37
2528,51.37
2528,51.38
2529,51.39
2529,51.4
2529,51.4
2530,51.42
2529,51.43
2529,51.43
2530,51.44
2531,51.45
2531,51.45
2530,51.46
2531,51.48
2531,51.48
2531,51.49
2531,51.5
2532,51.5
2531,51.51
2532,51.52
2532,51.53
2533,51.54
2533,51.54
2533,51.55
2533,51.56
2533,51.57
2534,51.58
2534,51.59
2534,51.59
2534,51.6
2534,51.61
2535,51.62
2535,51.63
2535,51.63
2535,51.64
2535,51.65
2536,51.65
2536,51.66
2536,51.67
2536,51.68
2537,51.69
2536,51.69
2537,51.7
2537,51.71
2537,51.71
2537,51.73
2537,51.73
2538,51.74
2538,51.75
2538,51.75
2538,51.76
2539,51.77
2539,51.78
2539,51.78
2539,51.79
2540,51.8
2540,51.8
2540,51.81
2540,51.82
2540,51.83
2541,51.83
2541,51.84
2541,51.84
2541,51.85
2541,51.86
2541,51.87
2542,51.88
2541,51.88
2542,51.89
2542,51.89
2542,51.9
2542,51.91
2542,51.92
2543,51.92
2543,51.93
2543,51.93
2543,51.94
2543,51.95
2544,51.96
2544,51.96
2544,51.97
2544,51.97
2544,51.98
2545,51.99
2544,52.0
2545,52.0
2545,52.01
2545,52.01
2545,52.02
2545,52.02
2546,52.04
2546,52.04
2546,52.05
2546,52.05
2546,52.06
2546,52.06
2547,52.07
2547,52.08
2547,52.08
2547,52.09
2547,52.1
2547,52.1
2547,52.11
2548,52.12
2548,52.12
2548,52.13
2548,52.13
2548,52.14
2548,52.14
2549,52.15
2549,52.16
2549,52.16
2549,52.17
2549,52.18
2550,52.18
2550,52.18
2550,52.19
2550,52.2
2550,52.21
2550,52.21
2550,52.22
2551,52.22
2551,52.23
2551,52.24
2551,52.24
2551,52.25
2551,52.25
2552,52.25
2552,52.26
2552,52.27
2552,52.28
2552,52.28
2552,52.29
2552,52.29
2553,52.3
2553,52.3
2553,52.31
2553,52.31
2553,52.32
2553,52.32
2554,52.33
2554,52.34
2554,52.34
2554,52.35
2554,52.35
2554,52.36
2554,52.36
2555,52.37
2555,52.38
2555,52.38
2555,52.39
2555,52.39
2555,52.4
2556,52.4
2555,52.41
2556,52.41
2556,52.42
2556,52.42
2556,52.43
2556,52.43
2556,52.44
2556,52.44
2556,52.45
2557,52.45
2557,52.46
2557,52.46
2557,52.47
2557,52.47
2557,52.48
2557,52.49
2557,52.49
2558,52.49
2558,52.5
2558,52.5
2558,52.51
2558,52.51
2559,52.52
2558,52.52
2559,52.53
2559,52.53
2559,52.54
2559,52.54
2559,52.55
2559,52.55
2559,52.56
2560,52.56
2560,52.57
2559,52.57
2560,52.58
2560,52.58
2560,52.59
2560,52.59
2560,52.59
2560,52.6
2561,52.61
2561,52.61
2561,52.61
2561,52.62
2561,52.62
2561,52.62
2561,52.63
2562,52.64
2562,52.64
2562,52.65
2562,52.65
2562,52.65
2562,52.66
2562,52.67
2563,52.67
2563,52.67
2563,52.68
2563,52.68
2563,52.68
2563,52.69
2563,52.7
2563,52.7
2563,52.7
2563,52.71
2563,52.71
2564,52.72
2564,52.72
2564,52.72
2564,52.73
2564,52.73
2565,52.74
2564,52.74
2564,52.75
2565,52.75
2565,52.75
2565,52.76
2565,52.76
2565,52.76
2565,52.77
2565,52.77
2565,52.78
2566,52.78
2566,52.79
2565,52.79
2566,52.8
2566,52.8
2565,52.8
2566,52.81
2566,52.81
2566,52.81
2566,52.81
2566,52.82
2567,52.82
2567,52.83
2567,52.83
2567,52.84
2567,52.84
2567,52.85
2568,52.85
2567,52.85
2568,52.85
2567,52.86
2567,52.86
2568,52.86
2568,52.87
2568,52.87
2568,52.88
2568,52.88
2568,52.88
2568,52.89
2568,52.89
2569,52.9
2569,52.9
2568,52.9
2569,52.9
2569,52.91
2569,52.91
2569,52.92
2569,52.92
2569,52.92
2569,52.93
2569,52.93
2569,52.93
2570,52.94
2570,52.94
2569,52.94
2570,52.95
2570,52.95
2570,52.95
2570,52.96
2570,52.96
2570,52.96
2570,52.97
2571,52.97
2571,52.97
2571,52.97
2570,52.98
2571,52.98
2571,52.99
2571,52.99
2571,52.99
2571,52.99
2571,53.0
2572,53.0
2571,53.0
2572,53.01
2572,53.01
2572,53.01
2572,53.01
2572,53.02
2572,53.02
2572,53.03
2572,53.03
2572,53.03
2572,53.03
2572,53.04
2573,53.04
2573,53.04
2572,53.05
2573,53.05
2573,53.05
2573,53.05
2573,53.06
2573,53.06
2573,53.06
2573,53.06
2574,53.07
2573,53.07
2573,53.07
2574,53.08
2574,53.08
2574,53.08
2574,53.08
2573,53.09
2574,53.09
2574,53.09
2574,53.1
2574,53.1
2574,53.1
2575,53.1
2574,53.11
2575,53.11
2574,53.11
2575,53.11
2574,53.12
2574,53.12
2575,53.12
2575,53.12
2575,53.13
2575,53.13
2575,53.13
2575,53.13
2575,53.13
2575,53.14
2575,53.14
2575,53.14
2575,53.15
2575,53.15
2576,53.15
2576,53.15
2575,53.15
2576,53.16
2576,53.16
2576,53.16
2576,53.16
2576,53.17
2576,53.17
2576,53.17
2576,53.17
2576,53.18
2576,53.18
2576,53.18
2577,53.18
2577,53.18
2577,53.19
2577,53.19
2577,53.19
2577,53.19
2577,53.2
2577,53.2
2577,53.2
2577,53.2
2577,53.2
2577,53.21
2578,53.21
2577,53.21
2577,53.21
2577,53.22
2578,53.22
2578,53.22
2578,53.22
2578,53.22
2578,53.23
2578,53.23
2578,53.23
2578,53.23
2578,53.23
2578,53.23
2578,53.24
2578,53.24
2578,53.24
2578,53.24
2579,53.24
2578,53.25
2578,53.25
2578,53.25
2578,53.25
2578,53.25
2579,53.25
2579,53.25
2579,53.26
2579,53.26
2579,53.26
2579,53.26
2579,53.26
2579,53.27
2579,53.27
2579,53.27
2579,53.27
2579,53.27
2579,53.28
2579,53.28
2579,53.28
2579,53.28
2579,53.28
2579,53.28
2579,53.29
2580,53.29
2579,53.29
2579,53.29
2579,53.29
2580,53.29
2580,53.29
2579,53.3
2580,53.3
2579,53.3
2580,53.3
2580,53.3
2580,53.3
2580,53.3
2580,53.31
2580,53.31
2580,53.31
2580,53.31
2580,53.31
2581,53.31
2581,53.31
2580,53.31
2581,53.32
2580,53.32
2581,53.32
2581,53.32
2581,53.32
2581,53.32
2581,53.32
2581,53.33
2581,53.33
2581,53.33
2581,53.33
2581,53.33
2581,53.33
2581,53.33
2581,53.33
2581,53.33
2581,53.34
2581,53.34
2581,53.34
2581,53.34
2581,53.34
2582,53.34
2581,53.34
2581,53.34
2582,53.35
2582,53.35
2581,53.35
2581,53.35
2581,53.35
2582,53.35
2582,53.35
2582,53.35
2581,53.35
2582,53.35
2582,53.35
2582,53.36
2581,53.36
2582,53.36
2582,53.36
2582,53.36
2582,53.36
2582,53.36
2582,53.36
2582,53.36
2582,53.36
2582,53.37
2582,53.37
2582,53.37
2582,53.37
2582,53.37
2582,53.37
2582,53.37
2582,53.37
2582,53.37
2582,53.38
2582,53.38
2582,53.38
2583,53.38
2583,53.38
2582,53.38
2583,53.38
2583,53.38
2583,53.38
2582,53.39
2582,53.39
2583,53.39
2583,53.39
2583,53.39
2583,53.39
2583,53.4
2583,53.4
2583,53.4
2583,53.4
2583,53.4
2583,53.41
2583,53.41
2584,53.41
2583,53.41
2584,53.41
2583,53.41
2584,53.42
2584,53.42
2584,53.42
2584,53.42
2584,53.43
2584,53.43
2584,53.43
2584,53.44
2584,53.44
2584,53.44
2584,53.44
2585,53.44
2585,53.45
2584,53.45
2584,53.46
2585,53.46
2585,53.46
2585,53.46
2585,53.47
2585,53.47
2585,53.48
2586,53.48
2585,53.48
2586,53.49
2585,53.49
2586,53.49
2586,53.5
2585,53.5
2586,53.51
2586,53.51
2586,53.51
2586,53.52
2587,53.52
2587,53.53
2586,53.53
2587,53.54
2587,53.54
2587,53.55
2587,53.55
2587,53.56
2587,53.56
2588,53.57
2588,53.57
2587,53.58
2588,53.58
2588,53.59
2588,53.6
2588,53.6
2588,53.61
2589,53.61
2589,53.62
2589,53.63
2589,53.63
2589,53.64
2589,53.64
2590,53.65
2590,53.65
2590,53.66
2590,53.67
2590,53.68
2591,53.68
2590,53.69
2590,53.69
2590,53.7
2591,53.71
2591,53.72
2591,53.73
2591,53.73
2591,53.74
2591,53.74
2591,53.75
2592,53.77
2592,53.77
2592,53.78
2593,53.79
2592,53.79
2593,53.8
2593,53.81
2593,53.82
2593,53.83
2594,53.83
2594,53.84
2594,53.85
2594,53.86
2594,53.87
2594,53.88
2594,53.89
2595,53.89
2595,53.9
2595,53.91
2595,53.92
2596,53.93
2596,53.94
2596,53.95
2596,53.95
2596,53.96
2597,53.97
2597,53.98
2597,53.99
2597,54.0
2597,54.01
2597,54.01
2598,54.02
2598,54.04
2598,54.05
2598,54.05
2598,54.06
2599,54.07
2599,54.07
2599,54.08
2599,54.1
2599,54.11
2600,54.11
2600,54.12
2600,54.13
2601,54.14
2601,54.15
2601,54.16
2601,54.17
2601,54.18
2601,54.18
2602,54.19
2602,54.2
2602,54.22
2602,54.22
2602,54.23
2603,54.24
2603,54.25
2603,54.25
2603,54.27
2604,54.28
2604,54.29
2604,54.29
2604,54.3
2604,54.31
2605,54.32
2605,54.33
2605,54.34
2605,54.35
2606,54.35
2606,54.36
2606,54.37
2606,54.39
2607,54.39
2606,54.4
2607,54.41
2607,54.42
2607,54.42
2608,54.43
2608,54.45
2607,54.45
2608,54.46
2608,54.47
2609,54.48
2609,54.49
2608,54.49
2609,54.51
2609,54.51
2610,54.52
2610,54.53
2610,54.54
2610,54.55
2611,54.56
2610,54.57
2611,54.57
2611,54.58
2611,54.59
2611,54.6
2612,54.61
2612,54.62
2612,54.63
2612,54.64
2612,54.64
2613,54.65
2613,54.66
2613,54.67
2614,54.68
2613,54.69
2614,54.69
2614,54.7
2614,54.71
2614,54.72
2615,54.73
2615,54.74
2615,54.74
2615,54.75
2615,54.76
2615,54.77
2615,54.78
2616,54.79
2616,54.79
2616,54.8
2616,54.81
2617,54.81
2617,54.83
2617,54.84
2618,54.84
2617,54.85
2618,54.86
2618,54.86
2618,54.87
2618,54.89
2619,54.89
2618,54.9
2619,54.91
2619,54.91
2619,54.93
2619,54.93
2619,54.94
2620,54.95
2620,54.95
2620,54.96
2620,54.97
2620,54.98
2621,54.99
2621,54.99
2621,55.0
2621,55.01
2621,55.02
2621,55.02
2622,55.04
2622,55.04
2622,55.05
2622,55.06
2622,55.06
2623,55.07
2623,55.08
2623,55.09
2623,55.1
2623,55.1
2623,55.11
2624,55.12
2624,55.12
2624,55.13
2624,55.14
2624,55.15
2624,55.15
2625,55.16
2625,55.17
2625,55.18
2625,55.19
2625,55.19
2626,55.2
2626,55.2
2626,55.21
2627,55.22
2627,55.23
2627,55.24
2627,55.24
2627,55.25
2627,55.25
2628,55.27
2628,55.27
2628,55.28
2628,55.29
2628,55.29
2628,55.3
2628,55.3
2628,55.32
2629,55.32
2629,55.33
2629,55.33
2629,55.34
2630,55.35
2630,55.35
2630,55.36
2630,55.37
2630,55.38
2630,55.38
2630,55.39
2631,55.39
2631,55.41
2631,55.41
2631,55.42
2631,55.42
2632,55.43
2632,55.44
2632,55.44
2632,55.45
2632,55.46
2632,55.46
2633,55.47
2632,55.47
2633,55.48
2633,55.49
2633,55.5
2634,55.5
2633,55.51
2634,55.51
2634,55.52
2633,55.53
2634,55.54
2634,55.54
2634,55.55
2634,55.55
2635,55.56
2635,55.56
2635,55.57
2636,55.58
2636,55.59
2635,55.59
2636,55.6
2636,55.6
2636,55.61
2636,55.62
2636,55.62
2636,55.63
2637,55.63
2637,55.64
2637,55.64
2637,55.65
2637,55.66
2637,55.66
2638,55.67
2638,55.67
2638,55.68
2638,55.69
2638,55.7
2638,55.7
2639,55.71
2639,55.71
2638,55.72
2639,55.72
2639,55.73
2639,55.74
2640,55.74
2639,55.75
2640,55.75
2640,55.75
2640,55.77
2640,55.77
2641,55.78
2641,55.78
2641,55.79
2641,55.79
2641,55.79
2641,55.8
2641,55.81
2642,55.81
2642,55.82
2641,55.82
2642,55.83
2642,55.83
2642,55.84
2642,55.85
2642,55.85
2643,55.86
2643,55.86
2643,55.87
2643,55.88
2643,55.88
2643,55.88
2643,55.89
2643,55.89
2644,55.9
2644,55.91
2644,55.91
2645,55.92
2644,55.92
2644,55.93
2644,55.93
2644,55.94
2645,55.94
2645,55.95
2645,55.95
2645,55.96
2645,55.96
2645,55.96
2645,55.97
2645,55.98
2646,55.98
2646,55.99
2646,55.99
2646,56.0
2646,56.0
2646,56.01
2646,56.01
2647,56.02
2647,56.02
2647,56.02
2647,56.03
2647,56.04
2647,56.04
2647,56.05
2648,56.05
2647,56.05
2648,56.06
2648,56.06
2648,56.07
2648,56.07
2649,56.08
2648,56.08
2649,56.09
2649,56.09
2649,56.1
2649,56.1
2649,56.1
2649,56.11
2649,56.11
2649,56.12
2649,56.12
2649,56.13
2649,56.13
2650,56.14
2650,56.14
2650,56.14
2650,56.15
2650,56.15
2650,56.16
2650,56.16
2651,56.17
2651,56.17
2651,56.17
2651,56.18
2651,56.18
2651,56.19
2651,56.19
2651,56.2
2652,56.2
2652,56.2
2652,56.21
2652,56.21
2652,56.22
2652,56.22
2652,56.22
2652,56.23
2653,56.23
2652,56.24
2653,56.24
2653,56.24
2653,56.25
2653,56.25
2653,56.25
2653,56.26
2653,56.27
2653,56.27
2653,56.27
2654,56.27
2654,56.28
2654,56.28
2654,56.29
2654,56.29
2654,56.29
2654,56.3
2654,56.3
2654,56.3
2654,56.31
2655,56.31
2655,56.32
2655,56.32
2655,56.32
2655,56.33
2655,56.33
2655,56.34
2655,56.34
2655,56.34
2655,56.34
2655,56.35
2655,56.35
2655,56.36
2656,56.36
2656,56.36
2655,56.37
2655,56.37
2656,56.37
2656,56.38
2656,56.38
2656,56.38
2656,56.39
2656,56.39
2656,56.39
2656,56.4
2656,56.4
2656,56.4
2656,56.41
2656,56.41
2657,56.41
2657,56.41
2657,56.42
2657,56.42
2657,56.43
2657,56.43
2657,56.43
2657,56.43
2657,56.44
2658,56.44
2658,56.45
2658,56.45
2658,56.45
2658,56.45
2658,56.46
2658,56.46
2658,56.46
2658,56.47
2659,56.47
2658,56.47
2659,56.47
2658,56.48
2659,56.48
2659,56.48
2659,56.49
2659,56.49
2659,56.49
2659,56.5
2659,56.5
2659,56.5
2659,56.5
2660,56.51
2660,56.51
2660,56.51
2660,56.52
2660,56.52
2660,56.52
2660,56.52
2660,56.53
2660,56.53
2660,56.53
2660,56.54
2660,56.54
2660,56.54
2661,56.54
2661,56.54
2660,56.55
2660,56.55
2660,56.55
2660,56.56
2661,56.56
2661,56.56
2661,56.56
2661,56.57
2661,56.57
2661,56.57
2661,56.57
2661,56.57
2661,56.58
2661,56.58
2661,56.58
2661,56.59
2661,56.59
2662,56.59
2662,56.59
2662,56.59
2662,56.6
2662,56.6
2662,56.6
2662,56.6
2662,56.61
2663,56.61
2662,56.61
2662,56.61
2663,56.61
2662,56.62
2662,56.62
2662,56.62
2663,56.62
2663,56.62
2662,56.63
2663,56.63
2663,56.63
2663,56.63
2663,56.63
2663,56.64
2663,56.64
2663,56.64
2663,56.64
2663,56.64
2663,56.65
2663,56.65
2663,56.65
2663,56.65
2663,56.65
2664,56.66
2663,56.66
2663,56.66
2663,56.66
2663,56.66
2664,56.66
2663,56.67
2664,56.67
2664,56.67
2664,56.67
2663,56.67
2664,56.68
2664,56.68
2664,56.68
2664,56.68
2664,56.68
2664,56.68
2664,56.69
2664,56.69
2664,56.69
2664,56.69
2664,56.69
2665,56.69
2664,56.7
2665,56.7
2664,56.7
2665,56.7
2664,56.7
2665,56.7
2665,56.7
2665,56.71
2665,56.71
2665,56.71
2665,56.71
2665,56.71
2665,56.71
2665,56.71
2665,56.71
2665,56.72
2665,56.72
2666,56.72
2665,56.72
2665,56.72
2665,56.72
2665,56.72
2665,56.72
2665,56.73
2666,56.73
2666,56.73
2666,56.73
2666,56.73
2666,56.73
2666,56.73
2666,56.73
2666,56.74
2665,56.74
2666,56.74
2666,56.74
2666,56.74
2666,56.74
2666,56.74
2666,56.74
2666,56.75
2666,56.75
2666,56.75
2666,56.75
2666,56.75
2666,56.75
2666,56.75
2666,56.75
2666,56.76
2666,56.76
2666,56.76
2667,56.76
2666,56.76
2666,56.76
2666,56.76
2667,56.76
2666,56.76
2666,56.76
2667,56.77
2667,56.77
2667,56.77
2667,56.77
2666,56.77
2667,56.77
2667,56.77
2667,56.77
2667,56.77
2667,56.77
2667,56.77
2667,56.77
2668,56.77
2667,56.77
2667,56.78
2667,56.78
2667,56.78
2667,56.78
2667,56.78
2667,56.78
2667,56.78
2667,56.78
2667,56.78
2667,56.78
2668,56.79
2667,56.79
2667,56.79
2667,56.79
2667,56.79
2667,56.79
2667,56.79
2667,56.79
2667,56.79
2667,56.79
2668,56.79
2667,56.79
2668,56.79
2667,56.79
2667,56.79
2668,56.79
2668,56.8
2668,56.79
2667,56.8
2668,56.8
2668,56.8
2668,56.8
2667,56.8
2668,56.8
2668,56.8
2668,56.8
2668,56.8
2668,56.8
2668,56.8
2668,56.8
2668,56.8
2668,56.8
2668,56.8
2668,56.8
2668,56.8
2668,56.8
2668,56.8
2668,56.8
2668,56.8
2668,56.81
2669,56.81
2668,56.81
2668,56.81
2668,56.81
2668,56.81
2668,56.81
2668,56.81
2668,56.81
2668,56.81
2668,56.81
2668,56.81
2668,56.81
2668,56.81
2668,56.81
2668,56.81
2669,56.81
2668,56.81
2668,56.81
2668,56.81
2668,56.81
2668,56.81
2668,56.81
2668,56.81
2668,56.81
2668,56.81
2668,56.81
2669,56.81
2668,56.81
2668,56.81
2668,56.81
2669,56.81
2668,56.81
2668,56.81
2668,56.81
2668,56.81
2668,56.81
2668,56.81
2668,56.81
2668,56.81
2669,56.81
2668,56.81
2668,56.81
2668,56.81
2668,56.81
2669,56.81
2668,56.81
2669,56.81
2668,56.81
2669,56.81
2668,56.81
2668,56.81
2668,56.81
2668,56.81
2668,56.81
2668,56.81
2669,56.81
2668,56.81
2668,56.81
2668,56.81
2669,56.81
2668,56.81
2669,56.81
2669,56.81
2669,56.81
2668,56.81
2668,56.81
2669,56.81
2668,56.81
2668,56.81
2669,56.81
2668,56.81
2668,56.81
2669,56.81
2669,56.81
2669,56.81
2668,56.81
2669,56.81
2669,56.81
2669,56.81
2668,56.81
2668,56.81
2668,56.81
2669,56.81
2668,56.81
2668,56.81
2668,56.81
2668,56.81
2668,56.81
2668,56.81
2668,56.81
2668,56.81
2668,56.81
2669,56.8
2668,56.8
2668,56.8
2668,56.8
2668,56.8
2668,56.8
2668,56.8
2668,56.8
2668,56.8
2668,56.8
2668,56.8
2668,56.8
2668,56.8
2669,56.8
2669,56.8
2668,56.8
2668,56.8
2668,56.8
2668,56.8
2668,56.79
2668,56.79
2668,56.79
2668,56.79
2668,56.79
2668,56.79
2668,56.79
2668,56.79
2668,56.79
2668,56.79
2668,56.79
2668,56.79
2669,56.79
2668,56.79
2668,56.79
2668,56.79
2668,56.79
2668,56.79
2668,56.78
2668,56.78
2668,56.78
2668,56.78
2668,56.78
2668,56.78
2668,56.78
2668,56.78
2668,56.78
2668,56.78
2668,56.78
2668,56.78
2668,56.78
2668,56.77
2668,56.77
2668,56.77
2668,56.77
2667,56.77
2667,56.77
2668,56.77
2667,56.77
2668,56.77
2668,56.77
2667,56.77
2667,56.77
2668,56.77
2668,56.76
2667,56.76
2668,56.76
2667,56.76
2668,56.76
2668,56.76
2668,56.76
2668,56.76
2668,56.76
2667,56.75
2667,56.75
2667,56.75
2667,56.75
2667,56.75
2667,56.75
2667,56.75
2667,56.75
2667,56.75
2667,56.75
2667,56.75
2667,56.75
2667,56.74
2667,56.74
2667,56.74
2667,56.74
2667,56.74
2667,56.74
2667,56.74
2667,56.74
2667,56.74
2667,56.73
2667,56.73
2667,56.73
2667,56.73
2667,56.73
2667,56.73
2667,56.73
2667,56.73
2667,56.73
2667,56.72
2667,56.72
2666,56.72
2666,56.72
2667,56.72
2667,56.72
2667,56.72
2667,56.72
2666,56.71
2666,56.71
2666,56.71
2666,56.71
2666,56.71
2666,56.71
2666,56.71
2666,56.71
2666,56.7
2666,56.7
2666,56.7
2666,56.7
2666,56.7
2666,56.7
2666,56.7
2666,56.7
2666,56.69
2666,56.69
2666,56.69
2666,56.69
2665,56.69
2666,56.69
2666,56.69
2666,56.68
2666,56.68
2665,56.68
2665,56.68
2666,56.68
2666,56.68
2666,56.68
2666,56.68
2665,56.67
2665,56.67
2666,56.67
2666,56.67
2665,56.67
2666,56.67
2666,56.67
2666,56.66
2665,56.66
2665,56.66
2665,56.66
2665,56.66
2665,56.66
2665,56.66
2665,56.66
2665,56.66
2666,56.65
2665,56.65
2665,56.65
2665,56.65
2665,56.65
2665,56.65
2665,56.65
2665,56.65
2665,56.65
2665,56.65
2665,56.65
2665,56.65
2665,56.64
2665,56.65
2665,56.65
2665,56.64
2665,56.64
2665,56.64
2665,56.64
2665,56.64
2664,56.64
2665,56.64
2665,56.64
2665,56.64
2665,56.64
2665,56.64
2665,56.64
2665,56.64
2665,56.64
2665,56.64
2665,56.65
2665,56.65
2665,56.65
2665,56.65
2665,56.65
2665,56.65
2666,56.65
2666,56.65
2665,56.65
2665,56.65
2665,56.66
2665,56.66
2665,56.66
2665,56.66
2666,56.66
2666,56.66
2666,56.66
2666,56.67
2666,56.67
2666,56.67
2666,56.67
2666,56.67
2666,56.68
2666,56.68
2666,56.68
2666,56.68
2666,56.69
2666,56.69
2666,56.69
2666,56.69
2667,56.7
2667,56.7
2666,56.7
2667,56.7
2667,56.71
2667,56.71
2667,56.71
2667,56.71
2667,56.72
2668,56.72
2667,56.73
2667,56.73
2667,56.73
2667,56.73
2667,56.74
2667,56.74
2667,56.75
2668,56.75
2667,56.75
2668,56.75
2668,56.76
2668,56.76
2668,56.77
2668,56.77
2670,56.77
2670,56.78
2670,56.78
2671,56.78
2670,56.79
2671,56.79
2671,56.79
2670,56.8
2671,56.8
2670,56.8
2671,56.81
2671,56.81
2669,56.81
2670,56.82
2669,56.82
2670,56.83
2670,56.83
2670,56.83
2670,56.84
2670,56.84
2670,56.84
2670,56.85
2670,56.85
2670,56.86
2669,56.86
2670,56.86
2669,56.87
2670,56.87
2670,56.87
2670,56.88
2670,56.88
2670,56.89
2671,56.89
2670,56.9
2671,56.9
2671,56.9
2672,56.9
2671,56.91
2671,56.91
2671,56.92
2672,56.92
2671,56.92
2671,56.93
2671,56.93
2672,56.94
2671,56.94
2672,56.95
2672,56.95
2672,56.95
2672,56.96
2672,56.96
2672,56.97
2672,56.97
2672,56.97
2672,56.98
2672,56.98
2673,56.99
2673,56.99
2672,56.99
2672,57.0
2673,57.0
2676,57.0
2676,57.01
2676,57.01
2676,57.02
2676,57.02
2676,57.02
2676,57.03
2677,57.03
2677,57.04
2677,57.04
2677,57.04
2677,57.05
2677,57.05
2677,57.06
2677,57.06
2677,57.06
2677,57.07
2677,57.07
2677,57.08
2677,57.08
2677,57.08
2678,57.09
2677,57.09
2677,57.1
2678,57.1
2677,57.1
2678,57.11
2678,57.11
2678,57.12
2678,57.12
2678,57.12
2679,57.12
2678,57.13
2678,57.13
2679,57.14
2679,57.14
2679,57.14
2679,57.15
2679,57.15
2679,57.15
2679,57.16
2679,57.16
2680,57.17
2679,57.17
2679,57.17
2680,57.18
2680,57.18
2680,57.19
2680,57.19
2680,57.19
2680,57.2
2680,57.2
2680,57.2
2680,57.21
2680,57.21
2681,57.22
2681,57.22
2681,57.22
2681,57.22
2681,57.23
2681,57.23
2681,57.24
2681,57.24
2681,57.24
2681,57.24
2681,57.25
2682,57.25
2682,57.26
2681,57.26
2682,57.26
2682,57.27
2682,57.27
2681,57.27
2682,57.28
2682,57.28
2683,57.28
2682,57.29
2682,57.29
2682,57.29
2683,57.3
2682,57.3
2683,57.3
2683,57.3
2683,57.31
2683,57.31
2683,57.32
2683,57.32
2683,57.32
2683,57.32
2683,57.33
2683,57.33
2684,57.33
2683,57.34
2684,57.34
2683,57.34
2683,57.34
2684,57.35
2684,57.35
2684,57.36
2684,57.36
2683,57.36
2684,57.36
2684,57.37
2684,57.37
2684,57.37
2684,57.38
2684,57.38
2684,57.38
2685,57.38
2684,57.39
2685,57.39
2685,57.39
2685,57.4
2685,57.4
2685,57.4
2685,57.4
2685,57.41
2685,57.41
2685,57.41
2685,57.42
2685,57.42
2685,57.42
2685,57.42
2685,57.42
2685,57.43
2686,57.43
2685,57.43
2686,57.44
2686,57.44
2686,57.44
2686,57.44
2686,57.45
2686,57.45
2686,57.45
2686,57.45
2686,57.46
2686,57.46
2686,57.46
2687,57.47
2686,57.47
2687,57.47
2687,57.47
2687,57.47
2687,57.48
2687,57.48
2687,57.48
2687,57.49
2687,57.49
2687,57.49
2687,57.49
2687,57.5
2687,57.5
2687,57.5
2688,57.5
2687,57.5
2687,57.5
2688,57.51
2688,57.51
2688,57.51
2688,57.52
2688,57.52
2688,57.52
2688,57.52
2688,57.53
2688,57.53
2688,57.53
2688,57.53
2688,57.53
2688,57.54
2688,57.54
2688,57.54
2689,57.54
2688,57.55
2689,57.55
2689,57.55
2688,57.55
2688,57.56
2689,57.56
2689,57.56
2689,57.56
2689,57.56
2689,57.56
2689,57.57
2689,57.57
2689,57.57
2689,57.57
2689,57.57
2690,57.58
2689,57.58
2689,57.58
2689,57.58
2689,57.58
2689,57.59
2690,57.59
2690,57.59
2689,57.59
2690,57.59
2690,57.6
2690,57.6
2689,57.6
2690,57.6
2690,57.6
2690,57.61
2690,57.61
2690,57.61
2690,57.61
2690,57.61
2690,57.61
2690,57.62
2690,57.62
2690,57.62
2691,57.62
2690,57.62
2690,57.62
2691,57.63
2690,57.63
2691,57.63
2691,57.63
2690,57.63
2690,57.63
2691,57.64
2691,57.64
2691,57.64
2691,57.64
2691,57.64
2691,57.64
2691,57.65
2691,57.65
2691,57.65
2691,57.65
2691,57.65
2691,57.65
2691,57.65
2692,57.66
2691,57.66
2692,57.66
2692,57.66
2691,57.66
2692,57.66
2691,57.66
2692,57.67
2692,57.67
2691,57.67
2691,57.67
2692,57.67
2692,57.67
2692,57.68
2692,57.68
2692,57.68
2692,57.68
2692,57.68
2692,57.68
2693,57.68
2692,57.68
2692,57.69
2692,57.69
2692,57.69
2692,57.69
2692,57.69
2692,57.69
2692,57.69
2692,57.69
2692,57.69
2692,57.7
2692,57.7
2693,57.7
2693,57.7
2693,57.7
2693,57.7
2693,57.7
2692,57.7
2693,57.71
2693,57.71
2693,57.71
2693,57.71
2693,57.71
2693,57.71
2693,57.71
2693,57.71
2693,57.71
2693,57.71
2693,57.71
2693,57.72
2693,57.72
2693,57.72
2693,57.72
2693,57.72
2694,57.72
2693,57.72
2694,57.72
2693,57.72
2693,57.72
2694,57.72
2693,57.73
2694,57.73
2693,57.73
2694,57.73
2694,57.73
2694,57.73
2693,57.73
2693,57.73
2694,57.73
2694,57.73
2694,57.73
2694,57.73
2694,57.73
2694,57.73
2694,57.74
2694,57.74
2694,57.74
2694,57.74
2693,57.74
2694,57.74
2694,57.74
2694,57.74
2694,57.74
2694,57.74
2694,57.74
2694,57.74
2694,57.74
2694,57.74
2694,57.74
2694,57.74
2694,57.74
2694,57.74
2694,57.75
2694,57.75
2695,57.75
2694,57.75
2694,57.75
2694,57.75
2694,57.75
2694,57.75
2694,57.75
2694,57.75
2694,57.75
2694,57.75
2694,57.75
2694,57.75
2694,57.75
2695,57.75
2695,57.75
2694,57.75
2694,57.75
2694,57.75
2694,57.75
2694,57.75
2694,57.75
2694,57.76
2694,57.76
2695,57.76
2694,57.76
2695,57.76
2694,57.76
2694,57.76
2694,57.76
2694,57.76
2694,57.76
2695,57.76
2694,57.76
2695,57.76
2695,57.76
2694,57.76
2695,57.76
2694,57.76
2694,57.76
2695,57.76
2695,57.76
2695,57.76
2695,57.76
2695,57.76
2695,57.76
2695,57.76
2695,57.76
2695,57.76
2695,57.76
2694,57.76
2695,57.76
2695,57.76
2695,57.76
2695,57.76
2695,57.76
2695,57.76
2695,57.76
2695,57.76
2694,57.76
2694,57.76
2694,57.76
2695,57.76
2695,57.76
2695,57.76
2695,57.76
2695,57.76
2695,57.76
2695,57.76
2695,57.76
2695,57.76
2695,57.76
2695,57.76
2695,57.76
2695,57.76
2695,57.76
2695,57.76
2695,57.76
2695,57.76
2695,57.76
2695,57.76
2695,57.76
2695,57.76
2695,57.76
2695,57.76
2695,57.76
2695,57.76
2695,57.76
2695,57.76
2695,57.76
2695,57.76
2695,57.76
2695,57.76
2695,57.76
2695,57.75
2695,57.75
2695,57.75
2695,57.75
2695,57.75
2695,57.75
2695,57.75
2695,57.75
2695,57.75
2695,57.75
2694,57.75
2695,57.75
2695,57.75
2695,57.75
2695,57.75
2695,57.75
2694,57.75
2695,57.75
2694,57.75
2695,57.75
2694,57.75
2694,57.75
2694,57.75
2694,57.75
2695,57.75
2695,57.75
2695,57.75
2695,57.74
2695,57.74
2695,57.74
2695,57.74
2695,57.74
2695,57.74
2694,57.74
2695,57.74
2694,57.74
2695,57.74
2694,57.74
2694,57.74
2694,57.74
2695,57.74
2695,57.74
2694,57.74
2694,57.74
2694,57.74
2694,57.73
2694,57.73
2695,57.73
2694,57.73
2694,57.73
2694,57.73
2694,57.73
2694,57.73
2694,57.73
2694,57.73
2694,57.73
2694,57.73
2694,57.73
2694,57.73
2694,57.72
2694,57.72
2694,57.72
2694,57.72
2694,57.72
2694,57.72
2694,57.72
2694,57.72
2694,57.72
2694,57.72
