1834,23.81
1834,23.81
1834,23.81
1834,23.81
1834,23.81
1833,23.8
1834,23.8
1833,23.8
1833,23.8
1834,23.8
1833,23.8
1834,23.8
1833,23.8
1833,23.8
1834,23.8
1834,23.8
1833,23.8
1833,23.8
1833,23.8
1833,23.8
1833,23.79
1833,23.79
1834,23.79
1833,23.79
1834,23.79
1833,23.79
1833,23.79
1833,23.79
1833,23.79
1833,23.79
1833,23.79
1833,23.79
1833,23.79
1833,23.79
1833,23.79
1832,23.79
1833,23.79
1833,23.78
1833,23.78
1832,23.78
1833,23.78
1833,23.78
1833,23.78
1833,23.78
1832,23.78
1833,23.78
1833,23.78
1833,23.78
1833,23.77
1833,23.78
1833,23.77
1833,23.77
1833,23.77
1833,23.77
1833,23.77
1833,23.77
1833,23.77
1833,23.77
1833,23.77
1832,23.77
1833,23.77
1833,23.77
1832,23.77
1832,23.76
1833,23.76
1833,23.76
1833,23.76
1833,23.76
1832,23.76
1833,23.76
1832,23.76
1832,23.76
1832,23.76
1832,23.76
1832,23.76
1832,23.76
1833,23.76
1832,23.75
1832,23.75
1832,23.75
1833,23.75
1832,23.75
1832,23.75
1833,23.75
1832,23.75
1832,23.75
1832,23.75
1832,23.75
1832,23.75
1832,23.75
1832,23.75
1832,23.75
1832,23.75
1832,23.75
1832,23.75
1832,23.75
1833,23.75
1834,23.76
1836,23.77
1836,23.77
1838,23.79
1839,23.8
1840,23.83
1841,23.85
1841,23.87
1843,23.89
1844,23.91
1845,23.94
1845,23.96
1846,24.01
1846,24.03
1847,24.06
1847,24.08
1848,24.1
1848,24.13
1848,24.17
1849,24.19
1849,24.21
1849,24.23
1848,24.25
1849,24.26
1849,24.28
1849,24.31
1849,24.32
1849,24.33
1850,24.34
1850,24.35
1850,24.36
1850,24.37
1850,24.38
1850,24.39
1850,24.39
1850,24.4
1850,24.4
1850,24.41
1850,24.42
1850,24.42
1850,24.43
1850,24.43
1850,24.43
1850,24.43
1850,24.44
1850,24.44
1851,24.44
1850,24.44
1850,24.45
1850,24.45
1851,24.45
1850,24.45
1850,24.45
1851,24.45
1851,24.45
1851,24.46
1850,24.46
1850,24.46
1851,24.46
1850,24.46
1850,24.46
1850,24.46
1850,24.46
1851,24.46
1850,24.46
1851,24.46
1851,24.46
1850,24.46
1850,24.46
1851,24.46
1850,24.46
1850,24.46
1850,24.46
1851,24.46
1851,24.46
1850,24.46
1850,24.46
1850,24.46
1850,24.45
1850,24.45
1850,24.45
1850,24.45
1850,24.45
1850,24.45
1850,24.45
1850,24.45
1850,24.45
1850,24.45
1850,24.45
1850,24.45
1850,24.45
1850,24.45
1850,24.44
1850,24.44
1850,24.44
1850,24.44
1851,24.44
1850,24.44
1850,24.44
1850,24.44
1850,24.44
1850,24.44
1849,24.43
1850,24.43
1850,24.43
1850,24.43
1850,24.43
1849,24.43
1849,24.43
1850,24.43
1849,24.43
1849,24.43
1850,24.42
1849,24.42
1849,24.42
1849,24.42
1849,24.42
1849,24.42
1849,24.42
1849,24.42
1849,24.42
1849,24.42
1849,24.41
1849,24.41
1849,24.41
1849,24.41
1849,24.41
1849,24.41
1849,24.41
1849,24.41
1849,24.41
1849,24.4
1849,24.4
1849,24.4
1849,24.4
1849,24.4
1849,24.4
1849,24.39
1848,24.39
1849,24.39
1849,24.39
1848,24.39
1848,24.39
1849,24.39
1849,24.39
1849,24.39
1848,24.39
1848,24.38
1848,24.38
1848,24.38
1848,24.38
1848,24.38
1848,24.38
1848,24.38
1849,24.38
1848,24.37
1848,24.37
1848,24.37
1849,24.37
1848,24.37
1848,24.37
1848,24.37
1848,24.37
1848,24.36
1848,24.36
1848,24.36
1848,24.36
1848,24.36
1848,24.36
1847,24.36
1848,24.36
1847,24.36
1848,24.35
1848,24.35
1848,24.35
1848,24.35
1848,24.35
1848,24.35
1848,24.35
1848,24.35
1847,24.34
1847,24.34
1848,24.34
1847,24.34
1847,24.34
1847,24.34
1847,24.34
1847,24.34
1847,24.34
1847,24.34
1847,24.34
1847,24.33
1847,24.33
1847,24.33
1847,24.33
1847,24.33
1847,24.33
1847,24.33
1847,24.33
1847,24.33
1847,24.32
1847,24.32
1847,24.32
1847,24.32
1847,24.32
1847,24.32
1847,24.32
1847,24.32
1847,24.31
1846,24.31
1847,24.31
1847,24.31
1847,24.31
1847,24.31
1846,24.31
1847,24.31
1846,24.31
1847,24.31
1847,24.31
1847,24.3
1846,24.3
1847,24.3
1846,24.3
1846,24.3
1846,24.3
1846,24.3
1847,24.3
1846,24.3
1847,24.3
1846,24.3
1846,24.3
1846,24.29
1846,24.29
1846,24.29
1846,24.29
1847,24.29
1846,24.29
1846,24.29
1846,24.29
1846,24.29
1846,24.29
1846,24.29
1846,24.28
1846,24.28
1846,24.28
1846,24.28
1846,24.28
1846,24.28
1846,24.28
1846,24.28
1846,24.28
1846,24.28
1846,24.28
1846,24.28
1846,24.28
1846,24.27
1846,24.27
1846,24.27
1845,24.27
1845,24.27
1845,24.27
1846,24.27
1846,24.27
1846,24.27
1845,24.27
1846,24.27
1846,24.27
1846,24.26
1845,24.26
1845,24.26
1845,24.26
1845,24.26
1845,24.26
1846,24.26
1845,24.26
1846,24.26
1846,24.26
1845,24.26
1845,24.26
1845,24.26
1845,24.25
1845,24.25
1845,24.25
1845,24.25
1845,24.25
1845,24.25
1845,24.25
1845,24.25
1845,24.25
1845,24.25
1845,24.25
1845,24.25
1845,24.25
1845,24.24
1845,24.24
1845,24.24
1845,24.24
1845,24.24
1845,24.24
1845,24.24
1844,24.24
1845,24.24
1844,24.24
1845,24.24
1845,24.24
1844,24.24
1844,24.23
1844,24.23
1845,24.23
1845,24.23
1845,24.23
1845,24.23
1844,24.23
1845,24.23
1844,24.23
1845,24.23
1844,24.23
1844,24.23
1844,24.23
1845,24.22
1844,24.22
1845,24.22
1844,24.22
1845,24.22
1844,24.22
1845,24.22
1844,24.22
1844,24.22
1844,24.22
1844,24.22
1844,24.22
1844,24.22
1844,24.22
1844,24.21
1844,24.21
1845,24.21
1844,24.21
1844,24.21
1844,24.21
1844,24.21
1844,24.21
1844,24.21
1844,24.21
1844,24.21
1844,24.21
1844,24.21
1844,24.21
1844,24.2
1844,24.2
1844,24.2
1844,24.2
1844,24.2
1844,24.2
1844,24.2
1844,24.2
1844,24.2
1843,24.2
1844,24.2
1843,24.2
1844,24.2
1844,24.2
1843,24.19
1843,24.19
1844,24.19
1844,24.19
1843,24.19
1843,24.19
1844,24.19
1844,24.19
1843,24.19
1843,24.19
1844,24.19
1844,24.19
1843,24.19
1843,24.19
1844,24.18
1843,24.18
1843,24.18
1843,24.18
1843,24.18
1843,24.18
1843,24.18
1843,24.18
1843,24.18
1843,24.18
1843,24.18
1843,24.18
1843,24.18
1843,24.18
1843,24.18
1843,24.17
1843,24.17
1843,24.17
1843,24.17
1843,24.17
1843,24.17
1843,24.17
1843,24.17
1843,24.17
1843,24.17
1843,24.17
1843,24.17
1843,24.17
1843,24.17
1843,24.17
1843,24.17
1843,24.17
1843,24.16
1843,24.16
1843,24.16
1842,24.16
1843,24.16
1842,24.16
1843,24.16
1843,24.16
1843,24.16
1843,24.16
1843,24.16
1842,24.16
1843,24.16
1843,24.16
1842,24.16
1843,24.16
1842,24.16
1842,24.15
1843,24.15
1842,24.15
1843,24.15
1842,24.15
1843,24.15
1842,24.15
1843,24.15
1842,24.15
1842,24.15
1843,24.15
1843,24.15
1842,24.15
1843,24.15
1842,24.15
1842,24.15
1842,24.15
1842,24.15
1842,24.14
1842,24.15
1842,24.14
1842,24.14
1842,24.14
1842,24.14
1842,24.14
1843,24.14
1842,24.14
1842,24.14
1842,24.14
1842,24.14
1842,24.14
1843,24.14
1842,24.14
1842,24.14
1842,24.14
1842,24.14
1842,24.14
1842,24.14
1842,24.14
1842,24.13
1842,24.13
1842,24.13
1842,24.13
1842,24.13
1842,24.13
1842,24.13
1842,24.13
1842,24.13
1842,24.13
1842,24.13
1842,24.13
1842,24.13
1842,24.13
1842,24.13
1841,24.13
1842,24.13
1841,24.12
1842,24.12
1842,24.12
1842,24.12
1841,24.12
1841,24.12
1842,24.12
1841,24.12
1842,24.12
1842,24.12
1841,24.12
1842,24.12
1842,24.12
1841,24.12
1841,24.12
1842,24.12
1842,24.12
1842,24.12
1842,24.12
1841,24.12
1841,24.12
1841,24.11
1841,24.11
1841,24.11
1841,24.11
1841,24.11
1842,24.11
1841,24.11
1841,24.11
1842,24.11
1841,24.11
1841,24.11
1841,24.11
1841,24.11
1841,24.11
1841,24.11
1841,24.11
1841,24.11
1842,24.11
1841,24.11
1841,24.1
1841,24.1
1841,24.1
1841,24.1
1841,24.1
1841,24.1
1841,24.1
1841,24.1
1841,24.1
1841,24.1
1841,24.1
1841,24.1
1841,24.1
1841,24.1
1841,24.1
1841,24.1
1841,24.1
1841,24.09
1841,24.1
1841,24.09
1841,24.09
1841,24.09
1841,24.09
1841,24.09
1841,24.09
1840,24.09
1841,24.09
1841,24.09
1841,24.09
1841,24.09
1841,24.09
1841,24.09
1841,24.09
1840,24.09
1841,24.09
1841,24.08
1840,24.09
1841,24.09
1841,24.08
1841,24.08
1841,24.08
1840,24.08
1841,24.08
1840,24.08
1841,24.08
1841,24.08
1841,24.08
1841,24.08
1840,24.08
1840,24.08
1841,24.08
1840,24.08
1840,24.08
1840,24.08
1840,24.08
1840,24.08
1840,24.08
1840,24.07
1840,24.07
1840,24.07
1840,24.07
1840,24.07
1840,24.07
1840,24.07
1840,24.07
1841,24.07
1840,24.07
1840,24.07
1840,24.07
1840,24.07
1840,24.07
1840,24.07
1840,24.07
1840,24.07
1840,24.06
1840,24.06
1840,24.06
1840,24.06
1840,24.06
1840,24.06
1840,24.06
1840,24.06
1840,24.06
1840,24.06
1840,24.06
1840,24.06
1840,24.06
1840,24.06
1840,24.06
1840,24.06
1840,24.06
1840,24.06
1840,24.06
1840,24.06
1840,24.05
1840,24.05
1840,24.05
1840,24.05
1840,24.05
1840,24.05
1839,24.05
1840,24.05
1840,24.05
1839,24.05
1840,24.05
1840,24.05
1840,24.05
1840,24.05
1840,24.05
1840,24.05
1839,24.05
1840,24.05
1839,24.05
1840,24.04
1839,24.04
1840,24.04
1839,24.04
1840,24.04
1839,24.04
1840,24.04
1839,24.04
1839,24.04
1840,24.04
1839,24.04
1839,24.04
1839,24.04
1839,24.04
1839,24.04
1839,24.04
1839,24.03
1839,24.03
1839,24.03
1839,24.03
1839,24.03
1839,24.03
1839,24.03
1839,24.03
1839,24.03
1839,24.03
1839,24.03
1839,24.03
1839,24.03
1839,24.03
1839,24.03
1839,24.03
1839,24.03
1839,24.03
1838,24.03
1839,24.03
1839,24.02
1839,24.02
1839,24.02
1839,24.02
1839,24.02
1839,24.02
1839,24.02
1839,24.02
1839,24.02
1839,24.02
1838,24.02
1839,24.02
1838,24.02
1839,24.02
1839,24.02
1839,24.01
1839,24.01
1839,24.01
1839,24.01
1839,24.01
1839,24.01
1839,24.01
1838,24.01
1838,24.01
1839,24.01
1838,24.01
1838,24.01
1839,24.0
1838,24.0
1838,24.0
1838,24.0
1838,24.0
1838,24.0
1838,24.0
1838,24.0
1838,24.0
1838,24.0
1838,24.0
1838,23.99
1838,23.99
1838,23.99
1838,23.99
1838,23.99
1838,23.99
1838,23.99
1838,23.98
1838,23.98
1837,23.98
1837,23.98
1838,23.98
1837,23.98
1837,23.97
1838,23.97
1837,23.97
1838,23.97
1838,23.97
1837,23.97
1838,23.97
1837,23.97
1838,23.96
1837,23.96
1837,23.96
1837,23.96
1837,23.96
1837,23.96
1837,23.95
1837,23.95
1837,23.95
1837,23.95
1837,23.95
1837,23.95
1836,23.94
1836,23.94
1837,23.94
1836,23.94
1836,23.94
1836,23.93
1836,23.93
1836,23.93
1836,23.93
1836,23.93
1836,23.93
1836,23.92
1836,23.92
1836,23.92
1836,23.92
1836,23.92
1836,23.92
1836,23.92
1836,23.92
1836,23.91
1836,23.91
1836,23.91
1836,23.91
1836,23.91
1836,23.9
1835,23.9
1836,23.9
1836,23.9
1835,23.9
1835,23.9
1835,23.9
1835,23.89
1836,23.89
1836,23.89
1836,23.89
1836,23.89
1835,23.89
1835,23.89
1835,23.89
1835,23.88
1835,23.88
1835,23.88
1836,23.88
1835,23.88
1835,23.88
1835,23.88
1835,23.87
1835,23.87
1835,23.87
1835,23.87
1835,23.87
1835,23.87
1834,23.86
1835,23.86
1835,23.86
1834,23.86
1834,23.86
1835,23.86
1835,23.86
1834,23.85
1834,23.85
1834,23.85
1834,23.85
1834,23.85
1834,23.85
1834,23.84
1834,23.84
1834,23.84
1834,23.84
1834,23.84
1834,23.84
1834,23.84
1834,23.84
1834,23.83
1834,23.83
1834,23.83
1834,23.83
1834,23.83
1834,23.83
1834,23.83
1833,23.83
1833,23.82
1833,23.82
1833,23.82
1834,23.82
1833,23.82
1833,23.82
1833,23.81
1833,23.81
1833,23.81
1833,23.81
1833,23.81
1834,23.81
1833,23.81
1833,23.8
1833,23.8
1833,23.8
1833,23.8
1833,23.8
1833,23.8
1833,23.8
1832,23.79
1833,23.79
1833,23.79
1832,23.79
1832,23.79
1833,23.79
1832,23.79
1833,23.78
1832,23.78
1832,23.78
1832,23.78
1832,23.78
1832,23.78
1832,23.78
1832,23.78
1832,23.77
1832,23.77
1832,23.77
1832,23.77
1832,23.77
1832,23.77
1832,23.77
1832,23.77
1832,23.76
1832,23.76
1832,23.76
1832,23.76
1832,23.76
1831,23.76
1832,23.76
1831,23.76
1832,23.75
1831,23.75
1831,23.75
1832,23.75
1832,23.75
1832,23.75
1831,23.75
1831,23.75
1831,23.74
1832,23.74
1831,23.74
1831,23.74
1831,23.74
1832,23.74
1831,23.74
1831,23.74
1831,23.74
1831,23.73
1831,23.73
1831,23.73
1831,23.73
1831,23.73
1831,23.73
1831,23.73
1831,23.73
1830,23.72
1831,23.72
1831,23.72
1831,23.72
1831,23.72
1831,23.72
1831,23.72
1831,23.72
1831,23.72
1831,23.71
1830,23.71
1830,23.71
1831,23.71
1831,23.71
1830,23.71
1830,23.71
1830,23.71
1830,23.71
1830,23.7
1830,23.7
1830,23.7
1830,23.7
1830,23.7
1830,23.7
1830,23.7
1830,23.7
1830,23.7
1830,23.7
1830,23.7
1830,23.69
1830,23.69
1830,23.69
1830,23.69
1830,23.69
1830,23.69
1830,23.69
1830,23.69
1829,23.69
1830,23.69
1830,23.69
1830,23.68
1830,23.68
1829,23.68
1830,23.68
1829,23.68
1830,23.68
1829,23.68
1829,23.68
1830,23.68
1830,23.68
1830,23.68
1829,23.68
1829,23.68
1829,23.67
1829,23.67
1829,23.67
1829,23.67
1829,23.67
1829,23.67
1829,23.67
1829,23.67
1829,23.66
1829,23.66
1829,23.66
1829,23.66
1829,23.66
1829,23.66
1829,23.66
1829,23.66
1829,23.66
1829,23.66
1829,23.66
1829,23.65
1829,23.65
1829,23.65
1829,23.65
1829,23.65
1829,23.65
1829,23.65
1829,23.65
1829,23.65
1829,23.65
1829,23.64
1829,23.64
1828,23.64
1829,23.64
1829,23.64
1829,23.64
1828,23.64
1829,23.64
1829,23.64
1829,23.64
1829,23.64
1829,23.64
1829,23.64
1828,23.63
1828,23.63
1828,23.63
1828,23.63
1829,23.63
1829,23.63
1828,23.63
1828,23.63
1828,23.63
1829,23.63
1828,23.63
1828,23.63
1828,23.63
1828,23.63
1828,23.62
1828,23.62
1828,23.62
1828,23.62
1828,23.62
1828,23.62
1828,23.62
1828,23.62
1828,23.62
1828,23.62
1828,23.62
1828,23.62
1828,23.62
1828,23.62
1828,23.62
1828,23.62
1828,23.62
1828,23.62
1828,23.61
1828,23.61
1828,23.61
1828,23.61
1828,23.61
1828,23.61
1828,23.61
1828,23.61
1828,23.61
1828,23.61
1828,23.61
1828,23.61
1828,23.61
1828,23.61
1827,23.61
1827,23.6
1827,23.6
1828,23.6
1828,23.6
1828,23.6
1828,23.6
1828,23.6
1828,23.6
1827,23.6
1828,23.6
1827,23.6
1828,23.6
1827,23.6
1828,23.6
1827,23.6
1827,23.6
1828,23.6
1827,23.6
1828,23.59
1827,23.59
1827,23.59
1827,23.59
1827,23.59
1828,23.59
1827,23.59
1827,23.59
1827,23.59
1827,23.59
1828,23.59
1828,23.59
1827,23.59
1827,23.59
1827,23.59
1827,23.59
1827,23.59
1827,23.59
1827,23.59
1827,23.59
1827,23.59
1827,23.59
1827,23.59
1827,23.59
1827,23.58
1827,23.58
1827,23.58
1827,23.58
1827,23.58
1827,23.58
1827,23.58
1827,23.58
1827,23.58
1827,23.58
1827,23.58
1827,23.58
1827,23.58
1827,23.58
1827,23.58
1827,23.58
1827,23.58
1827,23.58
1827,23.58
1827,23.58
1826,23.58
1827,23.58
1827,23.57
1827,23.57
1827,23.57
1827,23.57
1827,23.57
1827,23.57
1827,23.57
1827,23.57
1826,23.57
1827,23.57
1827,23.57
1827,23.57
1827,23.57
1827,23.57
1826,23.57
1827,23.57
1827,23.57
1827,23.57
1826,23.57
1827,23.57
1827,23.57
1827,23.57
1827,23.57
1827,23.57
1827,23.57
1827,23.57
1826,23.57
1827,23.56
1826,23.56
1826,23.56
1826,23.56
1827,23.56
1827,23.56
1827,23.56
1826,23.56
1827,23.56
1827,23.56
1827,23.56
1826,23.56
1826,23.56
1826,23.56
1827,23.56
1826,23.56
1826,23.56
1827,23.56
1827,23.56
1827,23.56
1826,23.56
1826,23.56
1826,23.56
1826,23.56
1826,23.56
1826,23.56
1826,23.56
1827,23.56
1827,23.56
1826,23.55
1826,23.55
1826,23.55
1826,23.55
1826,23.55
1827,23.55
1826,23.55
1826,23.55
1826,23.55
1826,23.55
1826,23.55
1826,23.55
1826,23.55
1826,23.55
1826,23.55
1826,23.55
1826,23.55
1826,23.54
1826,23.55
1826,23.54
1826,23.54
1826,23.54
1826,23.54
1826,23.54
1825,23.54
1826,23.54
1826,23.54
1826,23.54
1826,23.54
1826,23.54
1826,23.54
1826,23.54
1826,23.54
1825,23.53
1826,23.53
1826,23.53
1826,23.53
1826,23.53
1826,23.53
1825,23.53
1825,23.53
1826,23.53
1825,23.53
1825,23.53
1825,23.53
1826,23.53
1826,23.53
1825,23.53
1826,23.53
1825,23.53
1826,23.52
1825,23.52
1825,23.52
1825,23.52
1825,23.52
1825,23.52
1825,23.52
1825,23.52
1825,23.52
1825,23.52
1825,23.52
1825,23.52
1825,23.52
1825,23.52
1825,23.52
1825,23.52
1825,23.52
1825,23.52
1825,23.52
1825,23.52
1825,23.51
1825,23.51
1825,23.51
1825,23.51
1825,23.51
1825,23.51
1825,23.51
1825,23.51
1825,23.51
1825,23.51
1825,23.51
1825,23.51
1825,23.51
1825,23.5
1825,23.5
1824,23.5
1825,23.5
1825,23.5
1824,23.5
1825,23.5
1825,23.5
1825,23.5
1825,23.5
1824,23.5
1824,23.5
1825,23.5
1825,23.5
1824,23.49
1824,23.49
1825,23.49
1825,23.49
1824,23.49
1824,23.49
1825,23.49
1824,23.49
1824,23.49
1824,23.49
1824,23.48
1824,23.48
1824,23.48
1824,23.48
1824,23.48
1824,23.48
1824,23.48
1824,23.48
1824,23.48
1824,23.48
1824,23.47
1824,23.47
1824,23.47
1824,23.47
1824,23.47
1824,23.47
1824,23.47
1824,23.47
1823,23.47
1823,23.46
1824,23.46
1823,23.46
1824,23.46
1823,23.46
1823,23.46
1824,23.46
1823,23.46
1823,23.46
1823,23.46
1823,23.46
1824,23.45
1823,23.45
1823,23.45
1823,23.45
1824,23.45
1823,23.45
1823,23.45
1823,23.45
1823,23.45
1823,23.44
1823,23.44
1823,23.44
1823,23.44
1823,23.44
1823,23.44
1823,23.44
1823,23.44
1823,23.44
1823,23.44
1823,23.44
1823,23.44
1823,23.44
1823,23.43
1823,23.43
1823,23.43
1823,23.43
1823,23.43
1823,23.43
1823,23.43
1823,23.43
1823,23.43
1823,23.42
1823,23.42
1823,23.42
1823,23.42
1823,23.42
1823,23.42
1822,23.42
1823,23.42
1822,23.42
1823,23.42
1823,23.41
1822,23.41
1823,23.41
1823,23.41
1823,23.41
1822,23.41
1822,23.41
1822,23.41
1822,23.41
1823,23.41
1822,23.41
1822,23.4
1823,23.4
1822,23.4
1823,23.4
1823,23.4
1822,23.4
1822,23.4
1822,23.4
1822,23.4
1823,23.4
1822,23.4
1823,23.4
1822,23.4
1823,23.4
1822,23.4
1822,23.4
1822,23.39
1822,23.39
1822,23.39
1822,23.39
1822,23.39
1822,23.39
1822,23.39
1822,23.39
1822,23.39
1822,23.39
1822,23.38
1822,23.38
1822,23.38
1821,23.38
1822,23.38
1822,23.38
1822,23.38
1821,23.38
1822,23.38
1822,23.38
1822,23.38
1822,23.38
1822,23.38
1821,23.37
1821,23.37
1822,23.37
1822,23.37
1822,23.37
1821,23.37
1821,23.37
1822,23.37
1822,23.37
1822,23.37
1821,23.37
1822,23.37
1821,23.37
1822,23.37
1822,23.37
1821,23.37
1821,23.36
1821,23.36
1821,23.36
1821,23.36
1821,23.36
1821,23.36
1821,23.36
1821,23.36
1821,23.36
1821,23.36
1821,23.36
1821,23.36
1821,23.36
1821,23.36
1822,23.36
1821,23.36
1821,23.36
1821,23.36
1821,23.36
1821,23.36
1821,23.36
1821,23.36
1821,23.36
1821,23.36
1821,23.36
1821,23.35
1821,23.35
1821,23.35
1821,23.35
1821,23.35
1821,23.35
1821,23.35
1821,23.35
1821,23.35
1821,23.35
1821,23.35
1821,23.35
1821,23.35
1821,23.35
1821,23.35
1821,23.35
1821,23.35
1821,23.35
1821,23.35
1821,23.35
1821,23.35
1821,23.35
1821,23.35
1821,23.35
1821,23.35
1821,23.35
1821,23.35
1821,23.35
1821,23.34
1821,23.34
1821,23.34
1821,23.34
1821,23.34
1821,23.34
1821,23.34
1821,23.34
1821,23.34
1821,23.34
1820,23.34
1820,23.34
1820,23.34
1821,23.34
1821,23.34
1821,23.34
1821,23.34
1820,23.34
1820,23.34
1821,23.34
1820,23.33
1820,23.33
1820,23.33
1820,23.33
1820,23.33
1821,23.33
1820,23.33
1820,23.33
1820,23.33
1820,23.33
1820,23.33
1820,23.33
1820,23.33
1820,23.33
1820,23.33
1820,23.33
1820,23.32
1820,23.32
1820,23.32
1820,23.32
1820,23.32
1820,23.32
1820,23.32
1820,23.32
1820,23.32
1820,23.32
1820,23.32
1820,23.32
1820,23.32
1820,23.32
1820,23.32
1820,23.32
1820,23.32
1820,23.32
1820,23.31
1820,23.32
1820,23.32
1819,23.31
1820,23.31
1820,23.31
1820,23.31
1820,23.31
1820,23.31
1820,23.31
1820,23.31
1820,23.31
1819,23.31
1820,23.31
1820,23.31
1820,23.31
1820,23.31
1819,23.31
1820,23.31
1820,23.31
1820,23.31
1819,23.31
1820,23.31
1820,23.31
1820,23.31
1820,23.31
1820,23.31
1820,23.31
1820,23.31
1819,23.31
1819,23.31
1819,23.31
1819,23.31
1820,23.31
1819,23.31
1819,23.31
1819,23.3
1820,23.3
1820,23.31
1820,23.31
1819,23.31
1820,23.3
1820,23.3
1819,23.3
1819,23.3
1819,23.3
1819,23.3
1820,23.3
1819,23.3
1820,23.3
1819,23.3
1819,23.3
1820,23.3
1820,23.3
1820,23.3
1819,23.3
1819,23.3
1819,23.3
1819,23.3
1819,23.3
1819,23.29
1819,23.29
1819,23.29
1819,23.29
1819,23.29
1819,23.29
1819,23.29
1819,23.29
1819,23.29
1819,23.29
1819,23.29
1819,23.29
1819,23.28
1819,23.28
1819,23.28
1819,23.28
1819,23.28
1819,23.28
1819,23.28
1819,23.28
1819,23.28
1822,23.28
1819,23.28
1819,23.28
1821,23.28
1819,23.28
1819,23.28
1822,23.28
1819,23.27
1818,23.27
1823,23.27
1818,23.27
1818,23.27
1819,23.27
1818,23.27
1819,23.27
1818,23.27
1819,23.27
1819,23.27
1819,23.27
1818,23.27
1819,23.27
1819,23.27
1819,23.27
1819,23.27
1818,23.27
1818,23.27
1818,23.27
1819,23.27
1819,23.27
1819,23.26
1818,23.27
1818,23.27
1818,23.26
1818,23.26
1819,23.26
1818,23.26
1818,23.26
1818,23.26
1819,23.26
1818,23.26
1818,23.26
1818,23.26
1818,23.26
1818,23.26
1818,23.26
1818,23.26
1818,23.26
1818,23.26
1818,23.26
1818,23.26
1818,23.25
1818,23.25
1818,23.25
1818,23.25
1818,23.25
1818,23.25
1818,23.25
1818,23.25
1818,23.25
1818,23.25
1818,23.25
1818,23.25
1818,23.25
1818,23.25
1818,23.25
1818,23.25
1818,23.25
1818,23.25
1818,23.25
1818,23.25
1818,23.25
1818,23.25
1818,23.25
1818,23.25
1818,23.25
1818,23.25
1818,23.25
1818,23.25
1818,23.25
1818,23.24
1817,23.24
1817,23.24
1818,23.24
1818,23.24
1817,23.24
1817,23.24
1817,23.24
1817,23.24
1817,23.24
1817,23.24
1817,23.24
1817,23.23
1817,23.23
1818,23.23
1817,23.23
1817,23.23
1817,23.23
1817,23.23
1817,23.23
1817,23.23
1817,23.23
1817,23.23
1818,23.22
1818,23.22
1817,23.22
1817,23.22
1817,23.22
1817,23.22
1817,23.22
1818,23.22
1817,23.22
1817,23.22
1817,23.22
1816,23.22
1817,23.22
1817,23.22
1817,23.22
1817,23.22
1817,23.21
1817,23.21
1817,23.21
1817,23.21
1817,23.21
1817,23.21
1817,23.21
1817,23.21
1817,23.21
1817,23.21
1817,23.21
1817,23.21
1817,23.21
1816,23.21
1817,23.21
1817,23.21
1817,23.21
1817,23.21
1816,23.2
1817,23.2
1816,23.2
1817,23.2
1816,23.2
1816,23.2
1816,23.2
1817,23.2
1816,23.2
1816,23.2
1816,23.2
1816,23.19
1816,23.19
1816,23.19
1816,23.19
1816,23.19
1816,23.19
1816,23.19
1816,23.19
1816,23.19
1816,23.19
1816,23.19
1816,23.19
1816,23.19
1816,23.19
1816,23.18
1816,23.18
1816,23.18
1816,23.18
1816,23.18
1816,23.18
1816,23.18
1816,23.18
1816,23.18
1817,23.18
1816,23.18
1816,23.18
1816,23.18
1816,23.18
1817,23.18
1816,23.18
1816,23.18
1816,23.18
1816,23.18
1816,23.18
1816,23.18
1817,23.17
1816,23.17
1816,23.17
1816,23.17
1817,23.17
1817,23.17
1816,23.17
1816,23.17
1816,23.17
1816,23.17
1816,23.17
1816,23.17
1816,23.17
1816,23.17
1816,23.17
1816,23.17
1816,23.17
1816,23.17
1816,23.17
1816,23.17
1816,23.17
1816,23.16
1816,23.16
1816,23.16
1816,23.16
1816,23.16
1816,23.16
1816,23.16
1816,23.16
1816,23.16
1816,23.16
1816,23.16
1816,23.16
1815,23.16
1816,23.16
1816,23.15
1816,23.15
1815,23.15
1815,23.15
1815,23.15
1816,23.15
1815,23.15
1815,23.15
1815,23.15
1815,23.14
1816,23.14
1815,23.14
1815,23.14
1815,23.14
1815,23.14
1815,23.14
1815,23.14
1815,23.13
1815,23.13
1815,23.13
1815,23.13
1815,23.13
1816,23.13
1815,23.13
1815,23.13
1815,23.13
1815,23.13
1816,23.13
1816,23.12
1815,23.12
1815,23.12
1816,23.12
1816,23.12
1815,23.12
1815,23.12
1815,23.12
1815,23.12
1815,23.12
1815,23.12
1815,23.12
1815,23.12
1815,23.13
1815,23.13
1816,23.13
1815,23.13
1816,23.13
1815,23.13
1815,23.13
1816,23.13
1815,23.13
1815,23.13
1815,23.13
1815,23.13
1815,23.13
1815,23.13
1815,23.14
1816,23.14
1815,23.14
1815,23.14
1815,23.14
1815,23.14
1816,23.14
1816,23.14
1815,23.14
1815,23.15
1815,23.15
1815,23.15
1815,23.15
1816,23.15
1815,23.15
1815,23.15
1816,23.16
1815,23.16
1816,23.16
1815,23.16
1815,23.16
1815,23.16
1815,23.16
1815,23.16
1815,23.16
1815,23.17
1815,23.17
1815,23.17
1816,23.17
1815,23.17
1815,23.17
1816,23.17
1815,23.17
1815,23.18
1816,23.18
1815,23.18
1816,23.18
1815,23.18
1816,23.18
1816,23.18
1815,23.19
1816,23.19
1816,23.19
1816,23.19
1816,23.19
1816,23.19
1816,23.19
1816,23.19
1816,23.2
1816,23.2
1816,23.2
1816,23.2
1816,23.2
1816,23.2
1816,23.2
1816,23.2
1816,23.21
1816,23.21
1816,23.21
1816,23.21
1816,23.21
1816,23.21
1816,23.21
1817,23.21
1816,23.22
1816,23.22
1816,23.22
1816,23.22
1816,23.22
1816,23.22
1817,23.22
1816,23.23
1817,23.23
1817,23.23
1816,23.23
1816,23.23
1817,23.23
1817,23.23
1816,23.23
1816,23.24
1817,23.24
1817,23.24
1817,23.24
1816,23.24
1817,23.24
1817,23.24
1817,23.24
1817,23.24
1817,23.25
1817,23.25
1818,23.25
1817,23.25
1817,23.25
1817,23.25
1817,23.25
1817,23.25
