4091,23.44
4091,23.44
4091,23.45
4091,23.45
4091,23.45
4091,23.46
4091,23.46
4091,23.47
4091,23.47
4091,23.48
4091,23.48
4091,23.48
4091,23.49
4091,23.49
4091,23.5
4091,23.5
4091,23.5
4091,23.51
4091,23.51
4091,23.52
4091,23.52
4091,23.53
4091,23.53
4091,23.53
4091,23.54
4091,23.54
4091,23.55
4091,23.55
4091,23.55
4091,23.56
4091,23.56
4091,23.56
4091,23.56
4091,23.57
4091,23.57
4091,23.58
4091,23.58
4091,23.58
4091,23.59
4091,23.59
4091,23.6
4091,23.6
4091,23.6
4091,23.61
4091,23.61
4091,23.61
4091,23.62
4091,23.62
4091,23.62
4091,23.63
4091,23.63
4091,23.63
4091,23.64
4091,23.64
4091,23.65
4091,23.65
4091,23.65
4091,23.66
4091,23.66
4091,23.67
4091,23.67
4091,23.67
4091,23.68
4091,23.68
4091,23.68
4091,23.69
4091,23.69
4091,23.7
4091,23.7
4091,23.7
4091,23.7
4091,23.71
4091,23.71
4091,23.72
4091,23.72
4091,23.72
4091,23.73
4091,23.73
4091,23.74
4091,23.74
4091,23.74
4091,23.75
4091,23.75
4091,23.75
4091,23.76
4091,23.76
4091,23.76
4091,23.77
4091,23.77
4091,23.77
4091,23.78
4091,23.78
4091,23.79
4091,23.79
4091,23.79
4091,23.8
4091,23.8
4091,23.81
4091,23.81
4091,23.81
4091,23.81
4091,23.82
4091,23.82
4091,23.83
4091,23.83
4091,23.83
4091,23.84
4091,23.84
4091,23.84
4091,23.85
4091,23.85
4091,23.85
4091,23.86
4091,23.86
4091,23.86
4091,23.87
4091,23.87
4091,23.88
4091,23.88
4091,23.88
4091,23.89
4091,23.89
4091,23.89
4091,23.9
4091,23.9
4091,23.9
4091,23.91
4091,23.91
4091,23.91
4091,23.92
4091,23.92
4091,23.92
4091,23.93
4091,23.93
4091,23.93
4091,23.94
4091,23.94
4091,23.94
4091,23.95
4091,23.95
4091,23.95
4091,23.96
4091,23.96
4091,23.96
4091,23.97
4091,23.97
4091,23.97
4091,23.98
4091,23.98
4091,23.98
4091,23.99
4091,23.99
4091,23.99
4091,24.0
4091,24.0
4091,24.0
4091,24.01
4091,24.01
4091,24.01
4091,24.01
4091,24.02
4091,24.02
4091,24.02
4091,24.03
4091,24.03
4091,24.03
4091,24.04
4091,24.04
4091,24.05
4091,24.05
4091,24.05
4091,24.05
4091,24.06
4091,24.06
4091,24.06
4091,24.06
4091,24.07
4091,24.07
4091,24.07
4091,24.08
4091,24.08
4091,24.09
4091,24.09
4091,24.09
4091,24.09
4091,24.1
4091,24.1
4091,24.1
4091,24.11
4091,24.11
4091,24.11
4091,24.11
4091,24.12
4091,24.12
4091,24.12
4091,24.13
4091,24.13
4091,24.13
4091,24.14
4091,24.14
4091,24.14
4091,24.15
4091,24.15
4091,24.15
4091,24.15
4091,24.16
4091,24.16
4091,24.16
4091,24.17
4091,24.17
4091,24.17
4091,24.17
4091,24.18
4091,24.18
4091,24.18
4091,24.19
4091,24.19
4091,24.19
4091,24.19
4091,24.2
4091,24.2
4091,24.2
4091,24.21
4091,24.21
4091,24.21
4091,24.21
4091,24.22
4091,24.22
4091,24.22
4091,24.23
4091,24.23
4091,24.23
4091,24.23
4091,24.24
4091,24.24
4091,24.24
4091,24.25
4091,24.25
4091,24.25
4091,24.26
4091,24.26
4091,24.26
4091,24.26
4091,24.27
4091,24.27
4091,24.27
4091,24.28
4091,24.28
4091,24.28
4091,24.28
4091,24.29
4091,24.29
4091,24.29
4091,24.29
4091,24.3
4091,24.3
4091,24.3
4091,24.3
4091,24.31
4091,24.31
4091,24.31
4091,24.32
4091,24.32
2777,24.32
4091,24.32
2239,24.33
4091,24.33
4091,24.33
3961,24.33
4091,24.34
4091,24.34
4091,24.34
4091,24.35
4091,24.35
4091,24.35
4056,24.35
4091,24.36
3984,24.36
4091,24.36
4091,24.36
4091,24.37
4091,24.37
4091,24.37
4091,24.37
4091,24.38
4091,24.38
4091,24.38
4091,24.39
4091,24.39
4091,24.39
4091,24.39
4091,24.4
4091,24.4
4091,24.4
4091,24.4
4091,24.41
4091,24.41
4091,24.41
4091,24.41
4091,24.42
4091,24.42
4091,24.42
4091,24.42
4091,24.42
4091,24.43
4091,24.43
4091,24.43
4091,24.44
4091,24.44
4091,24.44
4091,24.44
4091,24.45
4091,24.45
4091,24.45
4091,24.45
4091,24.46
4091,24.46
4091,24.46
4091,24.47
4091,24.47
4091,24.47
4091,24.47
4091,24.47
4091,24.48
4091,24.48
4091,24.48
4091,24.49
4091,24.49
4091,24.49
4091,24.49
4091,24.5
4091,24.5
4091,24.5
4091,24.5
4091,24.51
4091,24.51
4091,24.51
4091,24.51
4091,24.52
4091,24.52
4091,24.52
4091,24.52
4091,24.52
4091,24.53
4091,24.53
4091,24.53
4091,24.54
4091,24.54
4091,24.54
4091,24.54
4091,24.55
4091,24.55
4091,24.55
4091,24.55
4091,24.56
4091,24.56
4091,24.56
4091,24.56
4091,24.57
4091,24.57
4091,24.57
4091,24.58
4091,24.58
4091,24.58
4091,24.58
4091,24.58
4091,24.59
4091,24.59
4091,24.59
4091,24.59
4091,24.6
4091,24.6
4091,24.6
4091,24.6
4091,24.61
4091,24.61
4091,24.61
4091,24.61
4091,24.62
4091,24.62
4091,24.62
4091,24.62
4091,24.63
4091,24.63
4091,24.63
4091,24.63
4091,24.63
4091,24.64
4091,24.64
4091,24.64
4091,24.65
4091,24.65
4091,24.65
4091,24.65
4091,24.66
4091,24.66
4091,24.66
4091,24.66
4091,24.66
4091,24.67
4091,24.67
4091,24.67
4091,24.68
4091,24.68
4091,24.68
4091,24.68
4091,24.69
4091,24.69
4091,24.69
4091,24.69
4091,24.7
4091,24.7
4091,24.7
4091,24.7
4091,24.71
4091,24.71
4091,24.71
4091,24.71
4091,24.71
4091,24.72
4091,24.72
4091,24.72
4091,24.73
4091,24.73
4091,24.73
4091,24.73
4091,24.74
4091,24.74
4091,24.74
4091,24.74
4091,24.75
4091,24.75
4091,24.75
4091,24.75
4091,24.76
4091,24.76
4091,24.76
4091,24.76
4091,24.76
4091,24.77
4091,24.77
4091,24.77
4091,24.78
4091,24.78
4091,24.78
4091,24.78
4091,24.79
4091,24.79
4091,24.79
4091,24.79
4091,24.8
4091,24.8
4091,24.8
4091,24.8
4091,24.81
4091,24.81
4091,24.81
4091,24.81
4091,24.82
4091,24.82
4091,24.82
4091,24.82
4091,24.83
4091,24.83
4091,24.83
2491,24.83
2048,24.84
2049,24.84
2054,24.84
2046,24.84
2036,24.84
2041,26.76
2054,26.76
2050,26.76
2039,26.76
2039,26.76
3433,26.76
2073,26.76
4091,26.76
4091,26.76
3587,26.76
4091,26.76
4091,26.76
4091,26.76
2105,26.76
2069,26.76
3218,26.76
3743,26.76
2918,26.76
3176,26.76
3711,26.76
3146,26.76
2982,26.76
3216,26.76
4091,26.76
4091,26.76
3714,26.76
3649,26.76
3640,26.76
3566,26.76
2903,26.76
2992,26.76
2602,26.76
3882,26.76
3452,26.76
3119,26.76
3096,26.76
3259,26.76
3041,26.76
2773,26.76
3048,26.76
3064,26.76
3476,26.76
3313,26.76
3060,26.76
2951,26.76
2957,26.76
2754,26.76
3777,26.76
2719,26.76
3125,26.76
3074,26.76
3510,26.76
2369,26.76
2301,26.76
3820,26.76
3722,26.76
2072,26.76
35,26.76
4091,26.76
4091,26.76
4091,26.76
35,26.76
35,26.76
4091,26.76
1633,26.76
29,26.76
1389,26.76
4091,26.76
2789,26.76
47,26.76
825,26.76
3609,26.76
3997,26.76
1219,26.76
2158,26.76
2869,26.76
2799,26.76
4091,26.76
35,26.76
35,26.76
4091,26.76
4091,26.76
35,26.76
1993,26.76
4091,26.76
2793,26.76
1943,26.76
1592,26.76
1954,26.77
2794,26.77
4091,26.77
32,26.77
35,26.77
1670,26.77
4091,26.77
4091,26.77
1108,26.77
2080,26.77
2519,26.77
2043,26.77
1553,26.77
1754,26.77
2158,26.77
2341,26.77
1447,26.77
950,26.77
2317,26.77
2490,26.77
838,26.77
374,26.77
1890,26.77
3147,26.77
872,26.77
29,26.77
675,26.77
2615,26.77
1144,26.77
1239,26.77
1391,26.77
1599,26.77
1790,26.77
1883,26.77
1900,26.77
1952,26.77
2017,26.77
2031,26.77
1990,26.77
1979,26.77
2024,26.77
2060,26.77
2029,26.77
1991,26.77
2015,26.77
2064,26.77
2056,26.77
2006,26.77
1997,26.77
2041,26.77
2070,26.77
2035,26.77
1995,26.77
2021,26.77
2070,26.77
2061,26.77
2010,26.77
2002,26.77
2049,26.77
2076,26.77
2039,26.77
2002,26.77
2026,26.77
2071,26.77
2064,26.77
2013,26.77
2005,26.77
2047,26.77
2077,26.77
35,26.77
36,26.77
36,26.77
35,26.77
36,26.77
36,26.77
35,26.77
36,26.77
35,26.77
36,26.77
35,26.77
35,26.77
35,26.77
36,26.77
36,26.77
36,26.77
