1826,28.46
1820,28.46
1841,28.45
1840,28.44
1826,28.43
1817,28.43
1831,28.42
1857,28.42
1861,28.41
1848,28.41
1841,28.39
1849,28.39
1872,28.38
1866,28.38
1844,28.38
1846,28.37
1870,28.37
1879,28.38
1866,28.39
1855,28.4
1871,28.41
1888,28.43
1885,28.45
1863,28.49
1862,28.51
1881,28.54
1890,28.57
1875,28.59
1861,28.62
1878,28.65
1897,28.71
1891,28.74
1871,28.77
1870,28.8
1892,28.83
1900,28.89
1881,28.92
1860,28.96
1873,28.99
1882,29.02
1876,29.05
1856,29.09
1853,29.15
1870,29.19
1883,29.22
1864,29.26
1845,29.29
1854,29.33
1876,29.36
1877,29.43
1853,29.45
1848,29.48
1866,29.5
1881,29.52
1869,29.54
1855,29.57
1862,29.59
1883,29.6
1882,29.61
1861,29.62
1855,29.62
1870,29.63
1885,29.64
1872,29.64
1855,29.65
1860,29.65
1881,29.65
1884,29.65
1867,29.65
1855,29.65
1870,29.65
1888,29.65
1878,29.65
1859,29.65
1862,29.65
1881,29.64
1887,29.64
35,29.64
35,29.64
35,29.64
35,29.64
35,29.63
35,29.63
35,29.62
36,29.62
35,29.62
35,29.62
36,29.61
35,29.61
35,29.6
35,29.6
35,29.6
35,29.6
35,29.59
36,29.59
35,29.58
35,29.58
35,29.58
36,29.58
35,29.57
36,29.56
36,29.56
36,29.56
35,29.56
35,29.55
35,29.55
35,29.55
36,29.54
35,29.54
35,29.53
36,29.53
36,29.53
35,29.53
35,29.52
35,29.52
35,29.51
36,29.51
36,29.51
35,29.5
36,29.5
35,29.5
35,29.49
36,29.49
36,29.49
36,29.48
35,29.48
35,29.47
35,29.47
36,29.47
35,29.47
35,29.46
35,29.46
36,29.46
35,29.45
35,29.45
36,29.45
35,29.44
35,29.44
35,29.44
36,29.43
36,29.43
35,29.43
35,29.43
35,29.42
35,29.42
35,29.42
35,29.41
36,29.41
35,29.41
35,29.4
36,29.4
35,29.4
36,29.39
35,29.39
35,29.39
35,29.39
36,29.38
35,29.38
35,29.38
35,29.37
35,29.37
35,29.37
36,29.37
35,29.36
1951,29.36
1976,29.36
36,29.35
35,29.35
35,29.35
35,29.35
35,29.34
35,29.34
35,29.34
36,29.33
35,29.33
35,29.33
35,29.33
36,29.32
36,29.32
35,29.31
36,29.31
36,29.31
35,29.31
35,29.31
36,29.3
35,29.3
46,29.3
35,29.3
35,29.29
35,29.29
35,29.29
36,29.28
35,29.28
36,29.28
35,29.28
35,29.28
36,29.27
36,29.27
36,29.27
35,29.26
35,29.26
35,29.26
35,29.26
35,29.25
35,29.25
35,29.25
35,29.25
35,29.24
36,29.24
35,29.24
35,29.24
35,29.23
35,29.23
35,29.23
35,29.23
35,29.23
36,29.22
35,29.22
35,29.22
35,29.21
36,29.21
35,29.21
36,29.21
35,29.2
35,29.2
35,29.2
35,29.2
35,29.2
35,29.19
35,29.19
36,29.19
35,29.19
35,29.19
35,29.18
36,29.18
35,29.18
35,29.18
35,29.17
35,29.17
35,29.17
35,29.17
35,29.17
35,29.16
36,29.16
35,29.16
35,29.16
35,29.15
35,29.15
35,29.15
35,29.15
35,29.14
35,29.14
35,29.14
36,29.14
35,29.14
36,29.13
35,29.13
36,29.13
36,29.13
36,29.12
35,29.12
35,29.12
35,29.12
36,29.12
35,29.11
36,29.11
36,29.11
35,29.11
35,29.1
36,29.1
36,29.1
35,29.1
36,29.1
36,29.09
36,29.09
36,29.09
35,29.09
36,29.08
36,29.08
36,29.08
35,29.08
36,29.08
35,29.07
35,29.07
35,29.07
35,29.06
36,29.06
35,29.06
36,29.06
35,29.06
36,29.05
35,29.05
35,29.05
35,29.05
35,29.04
35,29.04
328,29.04
35,29.04
35,29.04
35,29.04
35,29.03
36,29.03
35,29.03
36,29.02
36,29.02
35,29.02
35,29.02
36,29.01
35,29.01
35,29.01
35,29.01
35,29.01
35,29.0
35,29.0
35,29.0
35,29.0
35,29.0
35,28.99
35,28.99
35,28.99
35,28.99
35,28.98
35,28.98
35,28.98
35,28.98
35,28.98
35,28.98
35,28.97
35,28.97
35,28.97
35,28.97
35,28.96
35,28.96
35,28.96
35,28.96
35,28.96
35,28.95
35,28.95
35,28.95
35,28.95
35,28.95
35,28.94
35,28.94
35,28.94
35,28.94
35,28.94
35,28.94
35,28.93
35,28.93
35,28.93
35,28.93
35,28.93
35,28.92
35,28.92
35,28.92
35,28.92
35,28.92
35,28.92
35,28.91
35,28.91
35,28.91
35,28.91
35,28.91
34,28.9
35,28.9
35,28.9
34,28.9
34,28.9
34,28.89
35,28.89
1785,28.89
34,28.89
34,28.89
34,28.88
34,28.88
34,28.88
34,28.88
34,28.87
34,28.87
34,28.87
34,28.87
34,28.87
34,28.86
34,28.86
34,28.86
34,28.86
34,28.85
34,28.85
34,28.85
34,28.85
34,28.85
34,28.84
34,28.84
34,28.84
34,28.84
34,28.84
34,28.83
34,28.83
34,28.83
34,28.83
34,28.83
33,28.82
33,28.82
33,28.82
34,28.82
33,28.81
34,28.81
33,28.81
34,28.81
33,28.81
33,28.8
33,28.8
33,28.8
33,28.8
33,28.8
33,28.79
33,28.79
33,28.79
33,28.79
33,28.78
33,28.78
33,28.78
33,28.78
33,28.77
33,28.77
33,28.77
33,28.77
33,28.77
33,28.77
33,28.76
33,28.76
33,28.76
33,28.76
33,28.75
33,28.75
33,28.75
33,28.75
33,28.75
33,28.74
33,28.74
33,28.74
33,28.74
33,28.73
33,28.73
32,28.73
32,28.73
32,28.73
33,28.73
32,28.72
32,28.72
32,28.72
32,28.72
32,28.71
32,28.71
32,28.71
32,28.71
32,28.7
32,28.7
32,28.7
33,28.7
33,28.7
33,28.69
33,28.69
33,28.69
33,28.69
33,28.69
33,28.68
33,28.68
33,28.68
33,28.68
33,28.67
33,28.67
33,28.67
33,28.67
33,28.67
33,28.66
33,28.66
33,28.66
33,28.66
33,28.66
33,28.65
32,28.65
32,28.65
32,28.65
32,28.64
32,28.64
32,28.64
32,28.64
32,28.63
32,28.63
32,28.63
32,28.63
32,28.63
32,28.63
32,28.62
32,28.62
32,28.62
32,28.62
32,28.62
32,28.61
32,28.61
32,28.61
32,28.61
31,28.6
32,28.6
31,28.6
31,28.6
31,28.6
31,28.6
31,28.59
31,28.59
31,28.59
31,28.59
31,28.58
31,28.58
31,28.58
31,28.58
31,28.58
31,28.58
31,28.57
31,28.57
31,28.57
31,28.57
31,28.57
31,28.56
31,28.56
31,28.56
31,28.56
31,28.56
31,28.56
31,28.55
31,28.55
31,28.55
31,28.55
31,28.55
31,28.54
30,28.54
31,28.54
31,28.54
31,28.54
31,28.54
30,28.54
30,28.53
30,28.53
30,28.53
30,28.53
30,28.53
30,28.52
30,28.52
30,28.52
30,28.52
30,28.52
30,28.52
30,28.51
30,28.51
30,28.51
30,28.51
30,28.51
30,28.51
30,28.5
30,28.5
30,28.5
30,28.5
30,28.5
30,28.5
30,28.49
30,28.49
30,28.49
30,28.49
30,28.49
30,28.48
30,28.48
30,28.48
30,28.48
30,28.48
30,28.47
30,28.47
30,28.47
29,28.47
30,28.47
30,28.47
30,28.46
29,28.46
30,28.46
29,28.46
29,28.46
29,28.45
29,28.45
29,28.45
29,28.45
30,28.45
29,28.45
29,28.45
29,28.44
29,28.44
29,28.44
29,28.44
29,28.44
29,28.44
29,28.43
29,28.43
29,28.43
29,28.43
29,28.43
29,28.43
29,28.43
29,28.42
29,28.42
29,28.42
29,28.42
29,28.42
29,28.42
29,28.42
29,28.41
29,28.41
29,28.41
29,28.41
29,28.41
29,28.41
29,28.4
29,28.4
29,28.4
29,28.4
29,28.4
29,28.4
29,28.4
29,28.4
29,28.39
29,28.39
29,28.39
29,28.39
29,28.39
29,28.39
29,28.39
29,28.38
29,28.38
29,28.38
29,28.38
29,28.38
29,28.38
29,28.38
29,28.37
29,28.37
29,28.37
29,28.37
29,28.37
29,28.37
29,28.37
29,28.36
29,28.36
29,28.36
29,28.36
29,28.36
29,28.36
29,28.36
29,28.35
29,28.35
29,28.35
29,28.35
29,28.35
29,28.35
29,28.35
29,28.34
29,28.34
29,28.34
29,28.34
29,28.34
29,28.34
29,28.34
29,28.34
29,28.33
29,28.33
29,28.33
29,28.33
29,28.33
29,28.33
29,28.33
29,28.33
29,28.32
29,28.32
29,28.32
29,28.32
29,28.32
29,28.32
29,28.31
29,28.31
29,28.31
29,28.31
29,28.31
29,28.31
29,28.31
29,28.31
29,28.31
29,28.3
29,28.3
29,28.3
29,28.3
29,28.3
29,28.3
29,28.29
29,28.29
29,28.29
29,28.29
29,28.29
29,28.29
29,28.29
29,28.28
29,28.28
29,28.28
29,28.28
29,28.28
29,28.28
29,28.28
29,28.28
29,28.27
29,28.27
29,28.27
29,28.27
29,28.27
29,28.27
29,28.27
29,28.26
29,28.26
29,28.26
29,28.26
29,28.26
29,28.26
29,28.26
29,28.25
29,28.25
29,28.25
29,28.25
29,28.25
29,28.25
29,28.25
29,28.25
29,28.25
29,28.25
29,28.24
29,28.24
29,28.24
29,28.24
29,28.24
29,28.24
29,28.24
29,28.24
29,28.24
29,28.24
29,28.23
29,28.23
29,28.23
29,28.23
29,28.23
29,28.23
29,28.23
29,28.23
29,28.23
29,28.23
29,28.23
29,28.23
29,28.23
29,28.23
29,28.22
29,28.22
29,28.22
29,28.22
29,28.22
29,28.22
29,28.22
29,28.22
29,28.22
29,28.22
29,28.22
29,28.22
29,28.21
29,28.21
29,28.21
29,28.21
29,28.21
29,28.21
29,28.21
29,28.21
29,28.21
29,28.21
29,28.21
29,28.21
29,28.2
29,28.2
29,28.2
29,28.2
29,28.2
29,28.2
29,28.2
29,28.19
29,28.19
29,28.19
29,28.19
29,28.19
29,28.19
30,28.18
29,28.18
29,28.18
29,28.18
29,28.18
29,28.17
30,28.17
29,28.17
29,28.17
30,28.17
29,28.17
29,28.16
29,28.16
29,28.16
30,28.16
29,28.15
29,28.15
29,28.15
29,28.15
29,28.14
29,28.14
29,28.14
29,28.14
29,28.14
29,28.13
30,28.13
30,28.13
29,28.13
30,28.13
29,28.12
29,28.12
30,28.12
29,28.12
29,28.12
30,28.11
29,28.11
30,28.11
30,28.11
30,28.11
30,28.1
30,28.1
30,28.1
30,28.1
30,28.1
30,28.1
30,28.09
30,28.09
30,28.09
30,28.09
30,28.09
1061,28.08
1891,28.08
30,28.08
30,28.08
1465,28.08
2029,28.08
1895,28.08
44,28.07
30,28.07
30,28.07
30,28.07
1505,28.07
30,28.07
909,28.06
1720,28.06
2034,28.06
2028,28.06
386,28.06
748,28.06
1889,28.06
2044,28.06
30,28.06
30,28.06
30,28.05
30,28.05
30,28.05
30,28.05
30,28.05
30,28.05
30,28.05
30,28.05
30,28.05
30,28.04
30,28.04
30,28.04
30,28.04
30,28.04
30,28.04
30,28.04
30,28.04
30,28.04
30,28.04
30,28.03
30,28.03
30,28.03
30,28.03
30,28.03
30,28.03
30,28.03
30,28.03
30,28.03
30,28.02
30,28.02
30,28.02
30,28.02
30,28.02
30,28.02
30,28.02
30,28.02
30,28.01
30,28.01
30,28.01
30,28.01
30,28.01
30,28.01
30,28.0
30,28.0
30,28.0
30,28.0
30,28.0
30,28.0
30,28.0
30,27.99
30,27.99
30,27.99
30,27.99
30,27.99
30,27.99
30,27.99
1485,27.98
2028,27.98
1271,27.98
403,27.98
372,27.98
458,27.98
30,27.98
30,27.97
30,27.97
30,27.97
31,27.97
30,27.97
31,27.97
30,27.96
57,27.96
1908,27.96
2022,27.96
2047,27.96
2069,27.96
2057,27.96
2034,27.96
2034,27.95
2060,27.95
2071,27.95
2048,27.95
2030,27.95
2044,27.95
2068,27.95
2064,27.94
31,27.94
1708,27.94
2041,27.94
2070,27.94
2050,27.94
2027,27.94
2038,27.93
2063,27.93
2065,27.93
2039,27.93
2032,27.93
2051,27.93
2069,27.93
2054,27.93
2030,27.92
2040,27.92
2063,27.92
2066,27.92
2044,27.92
2032,27.92
2051,27.92
2068,27.91
2059,27.91
2034,27.91
2038,27.91
2060,27.91
2070,27.91
2049,27.91
2030,27.9
2047,27.9
2066,27.9
2061,27.9
2031,27.9
2025,27.9
2053,27.89
2061,27.89
2047,27.89
2031,27.89
2040,27.89
2058,27.89
2058,27.89
2037,27.88
31,27.88
31,27.88
31,27.88
31,27.88
31,27.88
31,27.87
31,27.87
31,27.87
31,27.87
31,27.87
31,27.87
31,27.87
31,27.87
31,27.86
31,27.86
31,27.86
31,27.86
31,27.86
31,27.86
31,27.86
31,27.85
988,27.85
2000,27.85
31,27.85
1947,27.85
2058,27.85
2048,27.85
2030,27.84
2039,27.84
2059,27.84
2062,27.84
2040,27.84
2028,27.84
2047,27.83
2065,27.83
2051,27.83
2030,27.83
2037,27.83
2058,27.83
2064,27.83
2045,27.83
2030,27.82
2050,27.82
2068,27.82
2054,27.82
2033,27.82
2037,27.82
2059,27.81
2065,27.81
2043,27.81
2028,27.81
2047,27.81
2066,27.81
2052,27.81
2030,27.81
2037,27.8
2058,27.8
2063,27.8
2042,27.8
2028,27.8
2046,27.8
2064,27.79
2052,27.79
2028,27.79
2034,27.79
2059,27.79
2062,27.79
2037,27.79
2029,27.78
2050,27.78
2065,27.78
2048,27.78
2028,27.78
2037,27.78
2061,27.78
2061,27.77
2036,27.77
2027,27.77
2049,27.77
2063,27.77
2047,27.77
2029,27.77
2040,27.76
2064,27.76
2059,27.76
2033,27.76
2030,27.76
2054,27.76
2066,27.75
2044,27.75
2029,27.75
2047,27.75
2065,27.75
2055,27.75
2031,27.75
2035,27.74
2059,27.74
2061,27.74
2040,27.74
2029,27.74
2048,27.74
2062,27.73
2050,27.73
2025,27.73
34,27.73
31,27.73
31,27.73
31,27.73
31,27.72
31,27.72
31,27.72
31,27.72
31,27.72
31,27.72
31,27.72
31,27.71
31,27.71
31,27.71
31,27.71
31,27.71
31,27.7
31,27.7
31,27.7
31,27.7
31,27.7
31,27.7
35,27.7
31,27.7
31,27.69
31,27.69
31,27.69
31,27.69
31,27.69
31,27.69
31,27.69
31,27.69
31,27.68
31,27.68
31,27.68
31,27.68
31,27.68
31,27.68
31,27.68
31,27.67
31,27.67
31,27.67
31,27.67
31,27.67
31,27.67
31,27.67
31,27.66
31,27.66
31,27.66
31,27.66
31,27.66
31,27.66
31,27.66
31,27.65
31,27.65
31,27.65
31,27.65
31,27.65
31,27.65
31,27.65
1614,27.64
1356,27.64
1218,27.64
951,27.64
1682,27.64
31,27.64
31,27.64
31,27.63
31,27.63
31,27.63
31,27.63
31,27.63
31,27.63
1386,27.62
31,27.62
31,27.62
31,27.62
31,27.62
31,27.62
31,27.62
1291,27.62
2027,27.61
31,27.61
31,27.61
31,27.61
1115,27.61
2031,27.61
2049,27.61
2027,27.6
2021,27.6
2044,27.6
31,27.6
31,27.6
31,27.6
31,27.59
31,27.59
31,27.59
31,27.59
31,27.59
866,27.59
1950,27.59
2039,27.58
2021,27.58
2019,27.58
2038,27.58
2051,27.58
2035,27.58
31,27.57
630,27.57
31,27.57
31,27.57
31,27.57
31,27.56
31,27.56
31,27.56
31,27.56
31,27.56
32,27.56
1566,27.56
1965,27.55
31,27.55
32,27.55
31,27.55
32,27.55
31,27.55
1518,27.54
2003,27.54
2028,27.54
2044,27.54
2042,27.54
31,27.54
31,27.54
1738,27.53
31,27.53
31,27.53
31,27.53
31,27.53
31,27.53
32,27.52
37,27.52
32,27.52
32,27.52
31,27.52
32,27.52
31,27.52
31,27.51
31,27.51
1845,27.51
2049,27.51
2027,27.51
2014,27.5
2035,27.5
2056,27.5
31,27.5
31,27.5
32,27.5
32,27.5
1845,27.49
1630,27.49
32,27.49
1677,27.49
408,27.49
1713,27.49
32,27.49
32,27.48
32,27.48
32,27.48
32,27.48
32,27.48
32,27.48
32,27.47
32,27.47
32,27.47
32,27.47
32,27.47
32,27.47
32,27.47
32,27.46
1375,27.46
32,27.46
32,27.46
32,27.46
32,27.46
32,27.46
32,27.45
32,27.45
32,27.45
32,27.45
32,27.45
309,27.45
2040,27.45
2082,27.44
2014,27.44
1980,27.44
2030,27.44
2096,27.44
2075,27.44
1989,27.43
1967,27.43
2038,27.43
2104,27.43
2056,27.43
1980,27.43
1990,27.43
2058,27.42
2075,27.42
2035,27.42
1996,27.42
2018,27.42
2079,27.42
2086,27.42
2027,27.41
1992,27.41
2027,27.41
2082,27.41
2074,27.41
2015,27.41
1997,27.4
2041,27.4
2083,27.4
2061,27.4
2006,27.4
2006,27.4
2056,27.4
2084,27.39
2049,27.39
2002,27.39
2016,27.39
2071,27.39
2085,27.39
2038,27.39
2000,27.38
2033,27.38
2082,27.38
2076,27.38
2021,27.38
2001,27.38
2043,27.38
2088,27.37
2064,27.37
2008,27.37
2011,27.37
2062,27.37
2089,27.37
2049,27.37
2004,27.37
2025,27.36
2079,27.36
2083,27.36
2030,27.36
2004,27.36
2042,27.36
2087,27.36
2057,27.35
2015,27.35
2014,27.35
2058,27.35
2082,27.35
2046,27.35
2007,27.35
2029,27.34
2071,27.34
2077,27.34
2029,27.34
2006,27.34
2042,27.34
2079,27.34
2059,27.34
2010,27.33
2015,27.33
2062,27.33
2081,27.33
2041,27.33
2008,27.33
2034,27.33
2081,27.32
2069,27.32
2017,27.32
2009,27.32
2051,27.32
2082,27.32
2050,27.31
2008,27.31
2026,27.31
2074,27.31
2078,27.31
2029,27.31
2006,27.31
2047,27.31
2085,27.31
2055,27.3
2007,27.3
2018,27.3
2071,27.3
2087,27.3
2034,27.3
2001,27.3
2041,27.29
2090,27.29
2069,27.29
2006,27.29
2011,27.29
2070,27.29
2090,27.29
2039,27.29
1999,27.28
2035,27.28
2090,27.28
2072,27.28
2010,27.28
2010,27.28
2066,27.28
2091,27.27
2043,27.27
2000,27.27
2034,27.27
2092,27.27
2074,27.27
2011,27.27
2007,27.27
2067,27.26
2093,27.26
2045,27.26
2000,27.26
2034,27.26
2089,27.26
2076,27.25
2011,27.25
2009,27.25
2063,27.25
2096,27.25
2043,27.25
2001,27.25
2036,27.25
2091,27.25
2075,27.24
2009,27.24
2007,27.24
2064,27.24
2095,27.24
2048,27.24
2000,27.24
2033,27.24
2092,27.24
2079,27.23
2015,27.23
2005,27.23
2061,27.23
2094,27.23
2047,27.23
1998,27.23
2027,27.23
2089,27.23
2082,27.22
2017,27.22
2002,27.22
2052,27.22
2095,27.22
2057,27.22
1999,27.22
2017,27.21
2083,27.21
2090,27.21
2027,27.21
1996,27.21
2044,27.21
2093,27.21
2063,27.21
2000,27.21
2015,27.2
2070,27.2
2092,27.2
2042,27.2
1999,27.2
2033,27.2
2093,27.2
2078,27.2
2015,27.2
2002,27.19
2055,27.19
2094,27.19
2054,27.19
1998,27.19
2019,27.19
2083,27.19
2089,27.19
2031,27.19
1998,27.18
2039,27.18
2094,27.18
2069,27.18
2005,27.18
2005,27.18
2063,27.18
2093,27.18
2050,27.17
1999,27.17
2024,27.17
2082,27.17
2086,27.17
2026,27.17
1999,27.17
2042,27.17
2092,27.16
2070,27.16
2007,27.16
2008,27.16
2062,27.16
2093,27.16
2052,27.16
2001,27.16
2023,27.16
2079,27.15
2088,27.15
2034,27.15
2002,27.15
2038,27.15
2093,27.15
2075,27.15
2015,27.15
2005,27.15
2054,27.14
2092,27.14
2056,27.14
2002,27.14
2017,27.14
2072,27.14
2090,27.14
2043,27.14
2000,27.14
2030,27.13
2086,27.13
2083,27.13
2021,27.13
2002,27.13
2043,27.13
2088,27.12
2069,27.12
2010,27.12
2004,27.12
2056,27.12
2087,27.12
2050,27.12
2001,27.12
2015,27.12
2071,27.11
2088,27.11
2039,27.11
2000,27.11
2031,27.11
2086,27.11
2079,27.11
2020,27.11
1999,27.1
2042,27.1
2089,27.1
2066,27.1
2005,27.1
2007,27.1
2060,27.1
2091,27.1
2054,27.09
2001,27.09
2024,27.09
2079,27.09
2091,27.09
2038,27.09
2002,27.09
2037,27.08
2092,27.08
2080,27.08
2020,27.08
2005,27.08
2050,27.08
2091,27.08
2062,27.08
2002,27.08
2007,27.07
2062,27.07
2087,27.07
2044,27.07
1998,27.07
2018,27.07
2076,27.07
2083,27.06
2031,27.06
1997,27.06
2034,27.06
2086,27.06
2076,27.06
2015,27.06
2001,27.06
2046,27.06
2089,27.06
2059,27.05
2018,27.05
2017,27.05
2060,27.05
2088,27.05
2039,27.05
1984,27.05
2016,27.05
2081,27.05
2086,27.04
2026,27.04
1990,27.04
2031,27.04
2089,27.04
2072,27.04
2006,27.04
1994,27.04
2047,27.03
2087,27.03
2054,27.03
1999,27.03
2007,27.03
2068,27.03
2090,27.03
2041,27.03
1998,27.03
2026,27.02
2082,27.02
2079,27.02
2024,27.02
1995,27.02
2039,27.02
2087,27.02
2067,27.01
2006,27.01
2004,27.01
2060,27.01
2094,27.01
2054,27.01
2000,27.01
2019,27.01
2078,27.0
2092,27.0
2038,27.0
2003,27.0
2037,27.0
2094,27.0
2083,27.0
2028,27.0
2014,27.0
2054,27.0
2092,26.99
2061,26.99
2008,26.99
2013,26.99
2068,26.99
2089,26.99
2047,26.99
2003,26.99
2028,26.99
2079,26.98
2084,26.98
2032,26.98
2002,26.98
2039,26.98
2089,26.98
2073,26.98
2017,26.98
2007,26.98
2058,26.97
2092,26.97
2058,26.97
2004,26.97
2018,26.97
2075,26.97
2089,26.97
2042,26.97
2005,26.97
2036,26.96
2090,26.96
2082,26.96
2023,26.96
2003,26.96
2048,26.96
2091,26.96
2061,26.96
2007,26.96
2014,26.96
2070,26.95
2094,26.95
2049,26.95
2003,26.95
2030,26.95
2091,26.95
2093,26.95
2025,26.95
1999,26.95
2046,26.95
2099,26.94
2073,26.94
2010,26.94
2011,26.94
2066,26.94
2095,26.94
2053,26.94
2000,26.94
2026,26.94
2087,26.93
2088,26.93
2026,26.93
1995,26.93
2038,26.93
2095,26.93
2070,26.93
1999,26.93
2001,26.93
2067,26.92
2097,26.92
2047,26.92
1988,26.92
2020,26.92
2090,26.92
2090,26.92
2019,26.92
1990,26.92
2045,26.92
2098,26.92
2063,26.91
2001,26.91
2010,26.91
2072,26.91
2094,26.91
2039,26.91
1996,26.91
2033,26.91
2090,26.9
2075,26.9
2012,26.9
2000,26.9
2054,26.9
2093,26.9
2054,26.9
2000,26.9
2019,26.9
2081,26.9
2087,26.89
2028,26.89
2000,26.89
2043,26.89
2095,26.89
2070,26.89
2009,26.88
2013,26.88
2071,26.88
2099,26.88
2049,26.88
2001,26.88
2034,26.88
2099,26.87
2089,26.87
2024,26.87
2009,26.87
2057,26.87
2091,26.87
2060,26.86
2016,26.86
2029,26.86
2074,26.86
2085,26.86
2041,26.86
2015,26.85
2043,26.85
2084,26.85
2070,26.85
2024,26.85
2019,26.85
2057,26.84
2082,26.84
2050,26.84
2002,26.84
2025,26.84
2072,26.84
2078,26.83
2023,26.83
1995,26.83
2037,26.83
2092,26.83
2064,26.83
1994,26.82
1999,26.82
2065,26.82
2085,26.82
2043,26.82
1986,26.82
2014,26.81
2115,26.81
2161,26.81
1954,26.81
1891,26.81
2057,26.81
2136,26.81
1946,26.81
1753,26.8
2042,26.8
2449,26.8
1945,26.8
1240,26.8
1550,26.8
3000,26.8
3128,26.79
1466,26.79
743,26.79
2261,26.79
3945,26.79
1747,26.79
813,26.79
1154,26.79
3249,26.78
4091,26.78
1556,26.78
29,26.78
1677,26.78
1651,26.78
2091,26.78
1654,26.77
1609,26.77
1639,26.77
1617,26.77
1593,26.77
1568,26.77
1546,26.77
1551,26.77
1550,26.76
1603,26.76
1582,26.76
1598,26.76
1622,26.76
1637,26.76
1667,26.76
1679,26.76
1680,26.76
1640,26.75
1616,26.75
1584,26.75
1569,26.75
33,26.75
33,26.75
33,26.75
33,26.75
32,26.75
33,26.75
33,26.75
33,26.74
33,26.74
33,26.74
33,26.74
33,26.74
1414,26.74
1595,26.74
1678,26.74
1752,26.73
1801,26.73
1873,26.73
1911,26.73
1922,26.73
251,26.73
33,26.73
33,26.73
32,26.73
33,26.73
33,26.73
33,26.72
33,26.72
32,26.72
33,26.72
33,26.72
33,26.72
33,26.72
32,26.72
33,26.71
33,26.71
33,26.71
33,26.71
33,26.71
33,26.71
33,26.71
33,26.71
33,26.7
32,26.7
32,26.7
33,26.7
33,26.7
33,26.7
33,26.7
33,26.69
33,26.69
33,26.69
33,26.69
33,26.69
33,26.69
33,26.69
33,26.68
33,26.68
33,26.68
33,26.68
33,26.68
33,26.68
33,26.67
33,26.67
33,26.67
33,26.67
1908,26.67
33,26.67
33,26.67
33,26.66
33,26.66
33,26.66
33,26.66
33,26.66
33,26.65
33,26.65
33,26.65
33,26.65
33,26.65
33,26.65
33,26.65
33,26.64
33,26.64
33,26.64
33,26.64
33,26.64
33,26.63
33,26.63
33,26.63
33,26.63
33,26.63
33,26.63
33,26.62
33,26.62
33,26.62
33,26.62
33,26.62
33,26.62
33,26.61
33,26.61
660,26.61
33,26.61
33,26.61
33,26.61
33,26.61
33,26.6
33,26.6
33,26.6
33,26.6
32,26.6
33,26.6
1513,26.6
33,26.59
33,26.59
33,26.59
33,26.59
33,26.59
33,26.58
33,26.58
33,26.58
33,26.58
33,26.58
33,26.58
33,26.57
33,26.57
33,26.57
33,26.57
33,26.57
33,26.57
33,26.57
33,26.56
33,26.56
33,26.56
33,26.56
33,26.56
32,26.56
33,26.56
33,26.55
33,26.55
33,26.55
32,26.55
33,26.55
33,26.55
33,26.54
33,26.54
33,26.54
33,26.54
33,26.54
33,26.54
33,26.54
33,26.54
33,26.53
33,26.53
33,26.53
33,26.53
33,26.53
33,26.53
33,26.52
33,26.52
33,26.52
33,26.52
33,26.52
32,26.51
33,26.51
33,26.51
33,26.51
33,26.51
33,26.5
1890,26.5
2058,26.5
2045,26.5
2030,26.49
2043,26.49
2063,26.49
2058,26.49
2035,26.48
33,26.48
1743,26.48
2059,26.48
2049,26.48
2030,26.47
2045,26.47
2067,26.47
2060,26.47
2036,26.46
2033,26.46
2054,26.46
2064,26.46
2047,26.45
2032,26.45
2046,26.45
2064,26.45
2055,26.45
2036,26.45
2035,26.44
2054,26.44
2061,26.44
2043,26.44
2029,26.44
2044,26.43
2060,26.43
2048,26.43
1886,26.43
1886,26.42
120,26.42
2058,26.42
2045,26.42
2006,26.42
2030,26.42
2083,26.41
2070,26.41
2017,26.41
2010,26.41
2057,26.4
2084,26.4
2045,26.4
2003,26.4
2031,26.4
2080,26.4
2070,26.39
2017,26.39
2007,26.39
2058,26.39
2085,26.39
2045,26.39
2004,26.38
2032,26.38
2076,26.38
2062,26.38
2009,26.38
2003,26.38
2054,26.37
2080,26.37
2034,26.37
1994,26.37
2029,26.37
2077,26.37
2059,26.36
1999,26.36
1997,26.36
2055,26.36
2078,26.36
2031,26.35
1995,26.35
2032,26.35
2083,26.35
2062,26.35
2003,26.35
2007,26.35
2061,26.34
2080,26.34
2032,26.34
1995,26.34
2031,26.34
2080,26.34
2059,26.34
2001,26.33
2004,26.33
2063,26.33
2083,26.33
2032,26.33
1993,26.33
2028,26.33
2080,26.32
2063,26.32
2005,26.32
2001,26.32
2057,26.32
2083,26.32
2038,26.31
1994,26.31
2025,26.31
2079,26.31
2069,26.31
2012,26.31
1996,26.31
2047,26.31
2084,26.3
2047,26.3
1992,26.3
2009,26.3
2069,26.3
2079,26.3
2023,26.3
1990,26.29
2030,26.29
2085,26.29
2063,26.29
2004,26.29
2000,26.29
2056,26.29
2087,26.29
2047,26.28
1996,26.28
2018,26.28
2076,26.28
2081,26.28
2026,26.28
1993,26.27
2034,26.27
2086,26.27
2072,26.26
2012,26.26
2004,26.25
2051,26.25
2091,26.24
2058,26.24
1993,26.24
2013,26.23
2062,26.23
2077,26.22
2037,26.22
1998,26.21
2022,26.21
2070,26.21
2072,26.2
2021,26.2
1999,26.19
2034,26.19
2077,26.19
2063,26.18
2013,26.18
2004,26.17
2046,26.17
2081,26.17
2055,26.16
2006,26.16
2013,26.15
2061,26.15
2083,26.14
2047,26.14
2002,26.13
2020,26.13
2069,26.12
2080,26.12
2037,26.12
2004,26.11
2033,26.1
2081,26.1
2076,26.09
2027,26.09
2008,26.08
2045,26.07
2086,26.07
2068,26.06
2018,26.06
2010,26.06
2053,26.05
2090,26.05
2063,26.04
2012,26.04
2016,26.03
2063,26.03
2092,26.02
2052,26.02
2009,26.02
2027,26.01
2074,26.01
2088,26.0
2039,26.0
2004,26.0
2030,25.99
2081,25.98
2083,25.98
2026,25.98
1992,25.97
2037,25.97
2086,25.97
2076,25.96
2005,25.96
1988,25.95
2043,25.95
2092,25.95
2060,25.94
1989,25.94
1992,25.93
2057,25.93
2090,25.93
2049,25.92
1989,25.92
2009,25.92
2073,25.91
2084,25.91
2052,25.91
2009,25.9
2020,25.9
2062,25.9
2075,25.89
2038,25.89
2004,25.88
2020,25.88
2067,25.88
2071,25.88
2026,25.87
2003,25.87
2059,25.86
2097,25.86
2050,25.86
2008,25.85
2016,25.85
2068,25.85
4091,25.84
4091,25.84
35,25.84
35,25.83
4091,25.83
4091,25.83
4091,25.83
35,25.82
35,25.82
4091,25.82
4091,25.81
30,25.81
35,25.81
35,25.81
4091,25.8
4091,25.8
35,25.8
36,25.8
4091,25.79
4091,25.79
2765,25.78
35,25.78
36,25.78
4091,25.77
4091,25.77
35,25.77
35,25.76
2082,25.76
4091,25.75
4091,25.75
35,25.75
2041,25.75
4091,25.74
4091,25.74
31,25.73
35,25.73
35,25.73
2575,25.72
2064,25.72
1946,25.71
2026,25.71
2151,25.71
2130,25.71
1993,25.7
1974,25.7
2056,25.69
2108,25.69
2064,25.69
2017,25.68
2023,25.68
2077,25.68
2084,25.67
2036,25.67
2019,25.67
2030,25.66
2116,25.66
2062,25.66
1999,25.65
1990,25.65
2047,25.65
2081,25.65
2030,25.64
1974,25.64
1999,25.64
2068,25.63
2058,25.63
1994,25.63
1969,25.63
2021,25.62
2070,25.62
2039,25.62
1979,25.61
1987,25.61
2045,25.61
2072,25.61
2015,25.61
1956,25.6
1985,25.6
2052,25.6
2054,25.59
1960,25.59
1957,25.59
2026,25.58
2101,25.58
2079,25.58
1987,25.57
2065,25.57
2034,25.57
2032,25.56
2026,25.56
2016,25.55
2011,25.55
2021,25.55
2015,25.54
2018,25.54
2026,25.54
2025,25.53
2028,25.53
2025,25.52
2018,25.52
2016,25.52
2019,25.51
2015,25.51
2013,25.5
2010,25.5
2010,25.5
2026,25.49
2030,25.49
32,25.49
32,25.48
32,25.48
32,25.47
32,25.47
1253,25.46
1538,25.46
32,25.46
32,25.45
1187,25.45
33,25.45
33,25.44
32,25.44
33,25.44
33,25.43
33,25.42
33,25.42
33,25.42
33,25.41
32,25.41
32,25.41
33,25.4
33,25.4
33,25.4
33,25.39
33,25.39
33,25.39
33,25.38
33,25.38
33,25.38
33,25.38
33,25.37
33,25.37
33,25.37
33,25.36
33,25.36
33,25.36
33,25.36
33,25.35
33,25.35
33,25.35
33,25.34
33,25.34
33,25.34
33,25.34
33,25.33
33,25.33
35,25.33
35,25.32
4091,25.32
36,25.32
1185,25.31
35,25.31
35,25.31
4091,25.3
4091,25.3
30,25.3
35,25.3
4091,25.29
4091,25.29
4091,25.28
35,25.28
36,25.28
4091,25.27
4091,25.27
35,25.27
35,25.26
2794,25.26
4091,25.26
4091,25.25
35,25.25
36,25.25
4091,25.24
4091,25.24
34,25.24
35,25.23
35,25.23
4091,25.23
4091,25.23
35,25.22
35,25.22
4091,25.21
4091,25.21
1187,25.21
35,25.2
35,25.2
4091,25.19
4091,25.19
35,25.19
35,25.19
3709,25.18
4091,25.18
4091,25.18
35,25.17
35,25.17
4091,25.17
4091,25.17
32,25.16
36,25.16
35,25.15
4091,25.15
4091,25.15
35,25.14
35,25.14
4091,25.14
4091,25.13
2089,25.13
35,25.13
35,25.12
4091,25.12
4091,25.12
35,25.11
36,25.11
3222,25.11
4091,25.11
4091,25.1
36,25.1
36,25.1
4091,25.09
4091,25.09
33,25.09
36,25.09
35,25.08
4091,25.08
4091,25.08
36,25.07
36,25.07
4091,25.07
4091,25.06
200,25.06
36,25.06
36,25.05
4091,25.05
4091,25.05
35,25.05
36,25.04
4091,25.04
4091,25.04
958,25.03
36,25.03
35,25.03
4091,25.03
54,25.02
36,25.02
36,25.01
36,25.01
1997,25.01
2028,25.0
2018,25.0
2039,25.0
1924,24.99
1691,24.99
1543,24.99
1422,24.99
1361,24.98
1343,24.98
1329,24.98
1346,24.97
1348,24.97
1360,24.97
1311,24.96
1249,24.96
1214,24.96
391,24.95
240,24.95
923,24.95
1051,24.95
1095,24.94
35,24.94
35,24.94
35,24.93
35,24.93
35,24.93
4091,24.93
35,24.92
35,24.92
35,24.92
35,24.91
35,24.91
35,24.91
35,24.91
35,24.9
35,24.9
35,24.9
35,24.9
35,24.89
35,24.89
35,24.89
35,24.89
35,24.88
35,24.88
35,24.88
35,24.87
35,24.87
35,24.87
35,24.87
35,24.86
35,24.86
35,24.86
35,24.86
35,24.85
35,24.85
35,24.85
35,24.84
35,24.84
35,24.84
35,24.84
35,24.83
35,24.83
35,24.83
35,24.83
282,24.83
35,24.82
35,24.82
35,24.82
35,24.81
35,24.81
35,24.81
35,24.81
35,24.81
35,24.8
35,24.8
35,24.8
35,24.8
35,24.8
35,24.79
35,24.79
35,24.79
35,24.79
35,24.79
1027,24.78
34,24.78
35,24.78
35,24.78
34,24.77
35,24.77
35,24.77
35,24.77
35,24.77
35,24.76
34,24.76
35,24.76
35,24.76
35,24.75
35,24.75
35,24.75
35,24.75
35,24.74
35,24.74
35,24.74
35,24.74
35,24.73
35,24.73
35,24.73
35,24.73
35,24.72
35,24.72
35,24.72
35,24.72
35,24.71
35,24.71
35,24.71
35,24.71
35,24.7
35,24.7
35,24.7
35,24.7
35,24.69
35,24.69
35,24.69
35,24.69
35,24.68
36,24.68
37,24.68
39,24.67
41,24.67
43,24.67
45,24.67
47,24.67
49,24.66
50,24.66
51,24.66
52,24.65
51,24.65
51,24.65
51,24.64
51,24.64
51,24.64
50,24.64
50,24.63
50,24.63
50,24.63
50,24.62
49,24.62
50,24.62
49,24.62
49,24.62
49,24.61
49,24.61
48,24.61
48,24.6
48,24.6
48,24.6
48,24.6
48,24.59
47,24.59
47,24.59
47,24.59
47,24.58
47,24.58
35,24.58
47,24.58
42,24.57
47,24.57
47,24.57
47,24.56
47,24.56
47,24.56
47,24.56
46,24.56
46,24.55
46,24.55
46,24.55
46,24.55
46,24.54
45,24.54
45,24.54
45,24.54
45,24.53
45,24.53
45,24.53
45,24.52
147,24.52
44,24.52
44,24.52
44,24.51
44,24.51
44,24.51
44,24.5
44,24.5
44,24.5
44,24.5
44,24.5
43,24.49
43,24.49
43,24.49
43,24.48
43,24.48
43,24.48
43,24.48
43,24.47
43,24.47
43,24.47
42,24.47
42,24.47
42,24.46
404,24.46
405,24.46
406,24.46
405,24.45
1832,24.45
1834,24.45
1834,24.45
1835,24.44
1834,24.44
1834,24.44
1835,24.44
1835,24.44
1835,24.43
1835,24.43
1834,24.43
1834,24.42
1834,24.42
1834,24.42
1834,24.42
1834,24.41
1834,24.41
1834,24.41
1834,24.41
1834,24.41
1834,24.4
1834,24.4
