1225,2.6
1225,2.59
1225,2.58
1225,2.58
1225,2.57
1225,2.57
1225,2.57
1225,2.57
1225,2.58
1224,2.58
1224,2.58
1224,2.58
1223,2.59
1221,2.59
1219,2.59
1216,2.59
1215,2.59
1213,2.59
1211,2.59
1209,2.59
1207,2.59
1205,2.59
1203,2.59
1203,2.59
1202,2.59
1201,2.59
1201,2.59
1202,2.58
1202,2.58
1203,2.58
1204,2.58
1206,2.59
1206,2.63
1207,2.66
1207,2.69
1206,2.72
1206,2.74
1206,2.76
1207,2.78
1206,2.82
1205,2.84
1205,2.86
1204,2.88
1204,2.9
1204,2.94
1205,2.96
1206,2.98
1206,2.99
1207,3.01
1207,3.03
1207,3.05
1209,3.08
1209,3.09
1210,3.09
1210,3.09
1211,3.09
1211,3.08
1212,3.07
1211,3.04
1212,3.02
1212,3.01
1212,2.99
1213,2.98
1213,2.97
1212,2.94
1213,2.93
1212,2.91
1212,2.9
1212,2.89
1211,2.88
1211,2.86
1210,2.84
1210,2.83
1210,2.82
1209,2.81
1208,2.81
1208,2.8
1207,2.78
1207,2.77
1207,2.77
1206,2.76
1205,2.76
1204,2.76
1203,2.76
1203,2.76
1202,2.76
1202,2.77
1202,2.77
1202,2.78
1201,2.79
1200,2.79
1199,2.8
1198,2.8
1198,2.8
1197,2.8
1197,2.8
1197,2.8
1196,2.8
1196,2.8
1196,2.8
1195,2.81
1194,2.81
1193,2.81
1193,2.82
1192,2.83
1191,2.83
1190,2.84
1189,2.85
1189,2.85
1189,2.87
1189,2.88
1189,2.89
1188,2.9
1189,2.91
1188,2.92
1188,2.93
1187,2.95
1187,2.96
1187,2.97
1187,2.99
1187,3.0
1187,3.01
1187,3.03
1188,3.05
1188,3.06
1188,3.07
1188,3.09
1188,3.1
1189,3.12
1189,3.11
1188,3.08
1189,3.05
1189,3.01
1189,2.96
1189,2.92
1189,2.83
1189,2.78
1189,2.74
1189,2.7
1189,2.67
1189,2.63
1189,2.58
1189,2.56
1189,2.54
1189,2.52
1189,2.5
1189,2.48
1189,2.46
1189,2.43
1189,2.41
1189,2.4
1189,2.38
1189,2.37
1189,2.35
1188,2.33
1188,2.31
1188,2.3
1188,2.29
1189,2.27
1188,2.26
1188,2.25
1188,2.22
1188,2.2
1187,2.19
1187,2.17
1187,2.16
1188,2.15
1187,2.13
1187,2.12
1187,2.12
1187,2.11
1187,2.1
1187,2.09
1187,2.09
1187,2.07
1187,2.06
1187,2.06
1187,2.05
1187,2.04
1187,2.03
1187,2.01
1187,2.0
1186,2.0
1187,1.99
1187,1.98
1187,1.98
1187,1.97
1186,1.96
1187,1.96
1187,1.95
1187,1.95
1187,1.94
1187,1.94
1187,1.94
1187,1.93
1187,1.93
1187,1.93
1187,1.93
1187,1.93
1188,1.92
1187,1.92
1187,1.92
1187,1.92
1187,1.92
1187,1.92
1188,1.92
1187,1.92
1187,1.92
1188,1.92
1188,1.93
1188,1.93
1188,1.93
1188,1.93
1188,1.94
1187,1.94
1188,1.95
1187,1.95
1187,1.95
1187,1.96
1188,1.97
1187,1.98
1187,1.98
1188,1.99
1187,1.99
1188,2.0
1187,2.0
1187,2.02
1188,2.02
1188,2.03
1188,2.03
1188,2.04
1188,2.05
1188,2.05
1188,2.06
1188,2.06
1187,2.06
1188,2.07
1188,2.07
1188,2.08
1188,2.08
1188,2.09
1188,2.09
1188,2.1
1189,2.1
1188,2.11
1188,2.11
1188,2.11
1189,2.12
1188,2.12
1189,2.12
1189,2.13
1189,2.13
1189,2.13
1189,2.13
1189,2.13
1189,2.13
1190,2.13
1189,2.13
1190,2.15
1190,2.16
1191,2.17
1191,2.18
1192,2.19
1192,2.21
1192,2.24
1192,2.26
1193,2.28
1193,2.29
1193,2.3
1194,2.31
1194,2.32
1195,2.34
1195,2.34
1195,2.34
1195,2.35
1194,2.35
1194,2.35
1193,2.35
1192,2.35
1192,2.34
1192,2.34
1192,2.33
1191,2.33
1191,2.32
1191,2.3
1191,2.3
1191,2.29
1191,2.28
1191,2.27
1191,2.26
1191,2.25
1191,2.25
1190,2.24
1191,2.24
1191,2.25
1191,2.25
1191,2.25
1191,2.25
1190,2.26
1191,2.26
1190,2.26
1190,2.27
1190,2.27
1190,2.28
1190,2.28
1190,2.29
1190,2.29
1190,2.29
1191,2.3
1191,2.31
1191,2.32
1191,2.33
1191,2.33
1191,2.34
1191,2.35
1192,2.36
1191,2.38
1192,2.39
1192,2.41
1192,2.42
1192,2.43
1192,2.45
1192,2.47
1192,2.47
1193,2.48
1192,2.48
1193,2.48
1193,2.48
1193,2.47
1193,2.46
1193,2.45
1193,2.44
1193,2.43
1193,2.42
1193,2.41
1193,2.4
1193,2.4
1193,2.4
1192,2.4
1192,2.41
1192,2.41
1192,2.43
1192,2.43
1191,2.44
1191,2.45
1191,2.45
1191,2.46
1191,2.47
1191,2.5
1190,2.51
1190,2.52
1190,2.54
1189,2.55
1188,2.56
1187,2.59
1187,2.6
1187,2.62
1187,2.63
1187,2.64
1187,2.66
1187,2.67
1188,2.7
1188,2.71
1188,2.73
1188,2.74
1189,2.75
1189,2.77
1189,2.8
1190,2.81
1190,2.82
1191,2.84
1191,2.85
1191,2.87
1191,2.88
1190,2.91
1189,2.92
1189,2.93
1188,2.95
1187,2.96
1187,2.98
1187,2.99
1188,3.03
1189,3.04
1190,3.06
1191,3.08
1192,3.1
1193,3.14
1193,3.16
1194,3.18
1195,3.2
1195,3.22
1195,3.24
1196,3.26
1196,3.3
1197,3.32
1196,3.34
1197,3.37
1197,3.39
1196,3.41
1196,3.46
1194,3.48
1193,3.5
1194,3.53
1194,3.56
1195,3.58
1195,3.61
1195,3.66
1195,3.68
1197,3.71
1197,3.73
1197,3.76
1196,3.78
1197,3.81
1197,3.86
1197,3.87
1197,3.87
1197,3.86
1196,3.84
1196,3.82
1196,3.74
1196,3.69
1196,3.64
1195,3.58
1195,3.53
1195,3.47
1195,3.41
1195,3.29
1194,3.23
1195,3.17
1195,3.11
1195,3.06
1194,2.96
1195,2.93
1194,2.89
1194,2.86
1194,2.84
1194,2.82
1194,2.81
1193,2.79
1194,2.79
1194,2.78
1194,2.79
1194,2.79
1193,2.8
1194,2.81
1194,2.83
1195,2.84
1194,2.85
1195,2.87
1195,2.89
1195,2.9
1195,2.94
1195,2.96
1196,2.99
1196,3.01
1196,3.03
1196,3.05
1196,3.08
1196,3.12
1196,3.15
1197,3.17
1196,3.2
1196,3.21
1196,3.22
1196,3.23
1196,3.23
1196,3.24
1196,3.26
1196,3.27
1197,3.29
1196,3.3
1196,3.34
1196,3.36
1197,3.37
1197,3.39
1197,3.41
1197,3.45
1197,3.46
1197,3.48
1197,3.5
1197,3.52
1198,3.53
1198,3.55
1198,3.58
1198,3.6
1199,3.62
1199,3.64
1199,3.65
1200,3.67
1200,3.68
1200,3.72
1200,3.73
1201,3.75
1201,3.77
1201,3.78
1201,3.8
1201,3.83
1202,3.85
1202,3.86
1202,3.88
1202,3.89
1202,3.91
1203,3.93
1203,3.96
1203,3.97
1204,3.99
1204,4.0
1205,4.02
1205,4.04
1205,4.09
1205,4.12
1205,4.14
1206,4.17
1205,4.18
1205,4.2
1205,4.21
1206,4.23
1206,4.24
1206,4.24
1206,4.25
1206,4.25
1206,4.26
1205,4.26
1205,4.26
1205,4.26
1205,4.25
1204,4.25
1205,4.24
1204,4.23
1204,4.21
1204,4.19
1203,4.18
1203,4.17
1203,4.15
1203,4.14
1202,4.12
1202,4.08
1201,4.06
1200,4.04
1201,4.02
1201,4.0
1200,3.96
1200,3.95
1200,3.93
1199,3.92
1199,3.9
1199,3.89
1198,3.87
1199,3.84
1199,3.82
1199,3.8
1198,3.78
1198,3.76
1198,3.73
1199,3.69
1198,3.66
1198,3.64
1199,3.61
1198,3.58
1198,3.56
1198,3.53
1199,3.48
1199,3.45
1199,3.42
1199,3.4
1199,3.37
1199,3.34
1199,3.29
1199,3.26
1200,3.24
1200,3.21
1200,3.19
1200,3.17
1200,3.14
1200,3.1
1200,3.07
1200,3.05
1200,3.03
1201,3.01
1201,2.99
1201,2.97
1201,2.93
1201,2.92
1202,2.9
1201,2.88
1201,2.86
1201,2.83
1202,2.81
1202,2.8
1202,2.78
1202,2.77
1202,2.75
1202,2.74
1202,2.71
1202,2.7
1202,2.69
1203,2.68
1202,2.66
1203,2.65
1203,2.63
1203,2.62
1203,2.61
1203,2.6
1203,2.59
1203,2.58
1203,2.57
1203,2.55
1204,2.54
1203,2.53
1203,2.52
1204,2.52
1204,2.51
1204,2.5
1204,2.49
1204,2.48
1204,2.47
1204,2.47
1205,2.46
1205,2.45
1205,2.44
1205,2.43
1205,2.43
1205,2.42
1205,2.42
1206,2.41
1205,2.4
1206,2.39
1206,2.39
1206,2.38
1206,2.38
1206,2.37
1206,2.36
1206,2.36
1207,2.35
1206,2.35
1206,2.35
1206,2.34
1207,2.34
1207,2.33
1207,2.32
1207,2.32
1207,2.31
1207,2.31
1207,2.3
1207,2.3
1208,2.29
1208,2.29
1208,2.29
1208,2.28
1208,2.28
1209,2.28
1208,2.27
1208,2.27
1208,2.26
1209,2.26
1209,2.26
1209,2.25
1209,2.25
1209,2.25
1209,2.25
1209,2.24
1209,2.24
1210,2.24
1210,2.24
1209,2.23
1209,2.23
1210,2.23
1210,2.23
1210,2.22
1210,2.22
1210,2.22
1210,2.22
1211,2.22
1211,2.21
1211,2.21
1211,2.21
1211,2.21
1211,2.21
1211,2.2
1211,2.2
1212,2.2
1212,2.2
1211,2.2
1212,2.19
1212,2.19
1212,2.19
1212,2.19
1212,2.19
1212,2.19
1212,2.19
1212,2.18
1212,2.18
1213,2.18
1213,2.18
1213,2.18
1213,2.18
1213,2.18
1213,2.18
1213,2.18
1213,2.18
1213,2.17
1213,2.17
1214,2.17
1214,2.17
1214,2.17
1214,2.17
1214,2.17
1214,2.17
1214,2.17
1214,2.16
1214,2.16
1214,2.16
1214,2.16
1215,2.16
1215,2.16
1215,2.16
1215,2.15
1215,2.15
1215,2.15
1215,2.15
1215,2.15
1215,2.15
1215,2.14
1215,2.14
1216,2.14
1215,2.14
1215,2.13
1216,2.13
1216,2.13
1216,2.13
1216,2.13
1216,2.12
1216,2.12
1216,2.12
1216,2.12
1217,2.12
1216,2.12
1217,2.12
1217,2.12
1217,2.12
1217,2.12
1217,2.11
1217,2.11
1218,2.11
1217,2.11
1218,2.11
1218,2.11
1218,2.11
1218,2.11
1218,2.11
1218,2.11
1218,2.11
1219,2.11
1218,2.11
1218,2.1
1218,2.1
1219,2.1
1219,2.1
1219,2.1
1219,2.1
1219,2.1
1219,2.1
1219,2.1
1219,2.1
1219,2.1
1220,2.1
1220,2.1
1220,2.1
1220,2.1
1220,2.1
1220,2.1
1220,2.1
1220,2.1
1220,2.1
1220,2.1
1220,2.1
1221,2.1
1221,2.1
1221,2.1
1221,2.1
1221,2.1
1221,2.1
1221,2.1
1221,2.1
1221,2.1
1221,2.1
1221,2.1
1222,2.1
1222,2.1
1222,2.1
1222,2.1
1222,2.1
1222,2.1
1222,2.1
1223,2.1
1222,2.1
1223,2.11
1223,2.11
1223,2.1
1223,2.1
1223,2.11
1223,2.11
1223,2.1
1223,2.1
1223,2.11
1223,2.11
1223,2.1
1223,2.11
1224,2.11
1223,2.1
1224,2.1
1224,2.1
1224,2.1
1224,2.1
1224,2.1
1224,2.11
1224,2.11
1224,2.11
1224,2.11
1224,2.1
1225,2.1
1224,2.1
1224,2.1
1225,2.1
1225,2.1
1225,2.1
1225,2.1
1226,2.1
1225,2.1
1225,2.1
1225,2.1
1226,2.11
1226,2.11
1226,2.11
1226,2.11
1226,2.1
1225,2.1
1226,2.1
1226,2.1
1226,2.1
1227,2.1
1227,2.11
1226,2.1
1227,2.1
1227,2.1
1226,2.1
1227,2.1
1227,2.1
1227,2.1
1227,2.1
1227,2.1
1227,2.1
1227,2.1
1227,2.1
1228,2.1
1228,2.1
1228,2.1
1228,2.1
1228,2.1
1228,2.1
1228,2.1
1228,2.1
1228,2.1
1228,2.1
1229,2.1
1229,2.1
1229,2.1
1229,2.1
1229,2.1
1229,2.1
1229,2.1
1229,2.1
1229,2.11
1229,2.11
1230,2.11
1230,2.11
1230,2.11
1230,2.11
1230,2.11
1230,2.11
1230,2.11
1230,2.11
1230,2.11
1231,2.11
1230,2.11
1230,2.11
1231,2.11
1231,2.11
1231,2.11
1231,2.11
1231,2.12
1231,2.12
1232,2.12
1231,2.12
1232,2.12
1232,2.12
1232,2.12
1232,2.12
1232,2.12
1232,2.12
1232,2.12
1232,2.12
1232,2.12
1232,2.12
1233,2.13
1233,2.13
1233,2.13
1233,2.13
1233,2.13
1233,2.13
1233,2.13
1233,2.13
1233,2.13
1233,2.14
1234,2.14
1233,2.14
1234,2.14
1234,2.14
1234,2.14
1234,2.15
1234,2.15
1234,2.15
1234,2.15
1234,2.15
1234,2.16
1235,2.16
1234,2.16
1235,2.16
1235,2.16
1235,2.17
1235,2.17
1236,2.17
1235,2.17
1236,2.18
1236,2.18
1236,2.18
1236,2.18
1236,2.19
1236,2.19
1237,2.19
1236,2.19
1236,2.2
1237,2.2
1237,2.2
1236,2.21
1237,2.21
1237,2.21
1237,2.22
1237,2.22
1238,2.22
1237,2.23
1237,2.23
1238,2.23
1237,2.24
1238,2.24
1238,2.25
1238,2.25
1238,2.25
1238,2.25
1238,2.26
1238,2.26
1238,2.27
1239,2.27
1239,2.27
1238,2.28
1238,2.28
1239,2.28
1239,2.29
1239,2.29
1239,2.3
1239,2.3
1239,2.3
1239,2.31
1239,2.31
1239,2.32
1240,2.32
1239,2.32
1239,2.33
1240,2.33
1240,2.33
1240,2.34
1240,2.34
1240,2.35
1240,2.35
1240,2.35
1240,2.36
1240,2.36
1240,2.37
1240,2.37
1241,2.37
1241,2.38
1240,2.38
1241,2.38
1241,2.39
1241,2.39
1241,2.4
1241,2.4
1241,2.4
1241,2.41
1241,2.41
1241,2.42
1241,2.42
1242,2.43
1242,2.43
1242,2.44
1243,2.45
1243,2.47
1244,2.48
1244,2.5
1245,2.52
1245,2.54
1246,2.57
1247,2.59
1247,2.65
1248,2.68
1249,2.71
1249,2.75
1250,2.78
1251,2.84
1252,2.87
1252,2.9
1253,2.93
1253,2.96
1254,2.99
1254,3.02
1255,3.08
1255,3.1
1256,3.13
1256,3.16
1257,3.19
1257,3.22
1258,3.25
1258,3.31
1258,3.34
1259,3.36
1260,3.39
1260,3.42
1261,3.45
1261,3.5
1261,3.53
1262,3.56
1262,3.59
1263,3.62
1263,3.64
1263,3.67
1263,3.73
1264,3.75
1264,3.78
1265,3.81
1265,3.83
1266,3.86
1266,3.91
1266,3.94
1267,3.96
1267,3.99
1268,4.01
1268,4.04
1268,4.06
1269,4.12
1269,4.14
1270,4.17
1269,4.19
1270,4.22
1270,4.24
1271,4.29
1271,4.32
1272,4.34
1272,4.37
1272,4.39
1273,4.42
1273,4.44
1273,4.49
1273,4.52
1274,4.55
1274,4.57
1275,4.6
1275,4.62
1275,4.68
1276,4.7
1276,4.73
1276,4.75
1277,4.78
1277,4.8
1278,4.85
1277,4.88
1278,4.9
1279,4.93
1279,4.95
1279,4.98
1279,5.0
1280,5.05
1280,5.07
1281,5.1
1281,5.12
1281,5.14
1282,5.17
1282,5.21
1282,5.24
1282,5.26
1283,5.28
1283,5.3
1284,5.33
1284,5.35
1284,5.4
1285,5.42
1285,5.44
1286,5.47
1286,5.49
1286,5.51
1287,5.56
1287,5.58
1287,5.6
1288,5.62
1288,5.64
1288,5.67
1288,5.69
1289,5.73
1289,5.75
1290,5.77
1290,5.79
1290,5.82
1291,5.84
1291,5.86
1291,5.9
1292,5.92
1292,5.94
1292,5.97
1293,5.99
1293,6.03
1293,6.05
1294,6.07
1294,6.09
1294,6.11
1295,6.14
1295,6.16
1295,6.2
1295,6.22
1296,6.24
1296,6.27
1297,6.29
1297,6.31
1297,6.36
1297,6.38
1298,6.41
1298,6.43
1299,6.46
1298,6.48
1299,6.51
1299,6.56
1300,6.59
1300,6.61
1300,6.64
1300,6.67
1301,6.69
1302,6.72
1302,6.77
1302,6.8
1303,6.82
1303,6.84
1303,6.87
1303,6.89
1304,6.94
1304,6.96
1304,6.98
1305,7.0
1305,7.03
1305,7.05
1306,7.07
1306,7.11
1306,7.13
1307,7.15
1307,7.17
1307,7.19
1308,7.23
1308,7.25
1308,7.27
1309,7.29
1309,7.3
1309,7.32
1310,7.34
1310,7.38
1310,7.4
1311,7.42
1311,7.44
1311,7.46
1312,7.47
1312,7.49
1312,7.53
1313,7.55
1313,7.56
1313,7.58
1314,7.6
1314,7.62
1314,7.65
1315,7.67
1315,7.69
1315,7.71
1316,7.72
1316,7.74
1316,7.76
1316,7.79
1317,7.81
1317,7.82
1317,7.84
1317,7.86
1318,7.87
1319,7.9
1319,7.92
1319,7.94
1319,7.95
1320,7.97
1320,7.98
1321,8.0
1321,8.03
1321,8.05
1322,8.06
1322,8.08
1322,8.09
1322,8.11
1323,8.14
1323,8.16
1323,8.17
1323,8.19
1324,8.2
1324,8.22
1324,8.25
1326,8.27
1326,8.28
1325,8.3
1326,8.31
1327,8.33
1326,8.34
1327,8.37
1327,8.39
1328,8.4
1328,8.42
1328,8.43
1329,8.45
1329,8.48
1329,8.49
1330,8.5
1330,8.52
1330,8.53
1331,8.55
1331,8.56
1331,8.59
1331,8.61
1331,8.62
1332,8.64
1333,8.65
1333,8.67
1333,8.7
1333,8.72
1334,8.73
1334,8.75
1334,8.77
1335,8.78
1335,8.8
1335,8.83
1336,8.85
1336,8.87
1336,8.88
1336,8.9
1337,8.91
1337,8.94
1338,8.96
1338,8.97
1338,8.99
1338,9.0
1339,9.02
1339,9.05
1339,9.06
1340,9.08
1340,9.09
1340,9.1
1341,9.12
1341,9.13
1341,9.16
1341,9.17
1342,9.19
1342,9.2
1343,9.21
1343,9.23
1343,9.26
1343,9.27
1344,9.28
1344,9.3
1344,9.31
1344,9.33
1345,9.34
1345,9.37
1345,9.38
1346,9.39
1346,9.41
1346,9.42
1346,9.44
1347,9.46
1347,9.48
1347,9.49
1347,9.5
1348,9.52
1348,9.53
1349,9.54
1349,9.57
1349,9.58
1349,9.59
1350,9.61
1350,9.62
1351,9.63
1351,9.64
1351,9.67
1351,9.68
1352,9.69
1352,9.71
1352,9.72
1353,9.73
1353,9.75
1353,9.77
1354,9.78
1354,9.79
1354,9.8
1354,9.81
1355,9.82
1355,9.85
1355,9.86
1356,9.87
1356,9.88
1356,9.89
1356,9.92
1357,9.93
1357,9.94
1358,9.95
1358,9.96
1358,9.98
1358,9.99
1359,10.01
1359,10.02
1359,10.03
1359,10.04
1360,10.06
1360,10.07
1360,10.08
1361,10.1
1361,10.11
1361,10.12
1361,10.13
1362,10.14
1362,10.16
1363,10.18
1363,10.19
1363,10.2
1363,10.21
1363,10.22
1364,10.23
1364,10.24
1365,10.27
1365,10.28
1365,10.29
1365,10.3
1366,10.31
1366,10.32
1366,10.35
1367,10.36
1367,10.37
1367,10.38
1367,10.39
1367,10.41
1368,10.42
1368,10.44
1368,10.45
1369,10.46
1369,10.48
1369,10.49
1369,10.51
1370,10.52
1370,10.53
1370,10.54
1371,10.56
1371,10.57
1372,10.58
1371,10.6
1372,10.61
1372,10.62
1372,10.64
1373,10.65
1373,10.66
1373,10.67
1373,10.69
1374,10.7
1374,10.72
1374,10.73
1375,10.74
1375,10.75
1375,10.77
1375,10.78
1375,10.79
1376,10.8
1376,10.81
1376,10.82
1376,10.83
1377,10.85
1377,10.86
1377,10.87
1378,10.88
1378,10.89
1378,10.9
1378,10.92
1379,10.93
1379,10.94
1379,10.95
1380,10.96
1380,10.97
1380,10.98
1380,11.0
1380,11.01
1381,11.02
1381,11.03
1382,11.04
1381,11.05
1382,11.07
1382,11.08
1382,11.09
1383,11.09
1383,11.1
1384,11.11
1384,11.13
1384,11.14
1384,11.15
1385,11.16
1385,11.16
1385,11.17
1386,11.18
1386,11.2
1386,11.21
1386,11.22
1387,11.23
1387,11.24
1387,11.24
1387,11.26
1388,11.27
1388,11.28
1388,11.29
1388,11.3
1389,11.31
1389,11.31
1389,11.33
1389,11.34
1390,11.35
1390,11.36
1390,11.37
1390,11.38
1391,11.4
1391,11.4
1391,11.41
1391,11.42
1392,11.43
1392,11.44
1392,11.45
1393,11.47
1393,11.48
1393,11.49
1393,11.5
1393,11.5
1394,11.51
1394,11.53
1394,11.54
1394,11.55
1395,11.56
1395,11.57
1395,11.58
1395,11.59
1396,11.6
1396,11.61
1396,11.62
1397,11.63
1397,11.64
1397,11.64
1397,11.66
1398,11.67
1398,11.68
1398,11.69
1398,11.7
1398,11.7
1399,11.72
1399,11.73
1399,11.74
1400,11.75
1400,11.75
1400,11.76
1400,11.77
1401,11.79
1401,11.8
1401,11.81
1401,11.82
1402,11.82
1402,11.83
1402,11.85
1402,11.86
1403,11.87
1403,11.88
1403,11.89
1404,11.9
1404,11.9
1404,11.92
1404,11.93
1405,11.94
1405,11.94
1405,11.95
1405,11.96
1405,11.97
1406,11.99
1406,11.99
1406,12.0
1407,12.01
1407,12.02
1407,12.03
1407,12.04
1407,12.05
1408,12.06
1408,12.07
1408,12.07
1408,12.08
1408,12.1
1409,12.11
1409,12.12
1409,12.12
1409,12.13
1410,12.14
1410,12.16
1410,12.17
1410,12.18
1411,12.18
1411,12.19
1411,12.2
1411,12.21
1412,12.22
1412,12.23
1412,12.24
1412,12.25
1413,12.26
1413,12.27
1413,12.27
1413,12.29
1414,12.3
1414,12.31
1414,12.31
1414,12.32
1415,12.33
1415,12.35
1415,12.36
1415,12.36
1416,12.37
1416,12.38
1416,12.39
1416,12.39
1417,12.41
1417,12.42
1417,12.42
1417,12.43
1417,12.44
1418,12.45
1418,12.46
1418,12.47
1418,12.48
1419,12.48
1419,12.49
1419,12.5
1420,12.51
1420,12.52
1420,12.53
1421,12.53
1420,12.54
1420,12.55
1421,12.56
1421,12.57
1421,12.58
1421,12.59
1422,12.59
1422,12.6
1422,12.61
1422,12.62
1423,12.63
1423,12.64
1423,12.64
1424,12.65
1424,12.66
1424,12.67
1424,12.68
1425,12.69
1425,12.69
1425,12.7
1425,12.71
1425,12.72
1426,12.73
1426,12.74
1426,12.75
1426,12.75
1427,12.76
1427,12.77
1427,12.78
1427,12.79
1428,12.8
1428,12.81
1428,12.81
1429,12.82
1429,12.83
1429,12.84
1429,12.85
1429,12.85
1430,12.86
1430,12.87
1430,12.87
1430,12.88
1430,12.89
1430,12.9
1431,12.91
1431,12.91
1432,12.92
1431,12.93
1432,12.94
1433,12.95
1433,12.95
1432,12.96
1433,12.97
1433,12.97
1433,12.98
1434,12.99
1434,13.0
1434,13.0
1434,13.01
1434,13.02
1435,13.02
1435,13.04
1435,13.04
1435,13.05
1435,13.06
1436,13.06
1436,13.07
1436,13.08
1436,13.09
1437,13.09
1437,13.1
1437,13.11
1438,13.11
1438,13.12
1438,13.13
1438,13.14
1438,13.15
1439,13.15
1439,13.16
1439,13.17
1439,13.18
1439,13.18
1440,13.19
1440,13.2
1440,13.2
1440,13.21
1440,13.22
1441,13.23
1441,13.23
1441,13.24
1441,13.25
1442,13.25
1442,13.26
1442,13.26
1442,13.28
1442,13.28
1443,13.29
1442,13.29
1443,13.3
1443,13.31
1443,13.31
1444,13.32
1444,13.33
1444,13.33
1444,13.34
1444,13.34
1445,13.36
1445,13.36
1445,13.37
1445,13.37
1445,13.38
1445,13.38
1446,13.4
1446,13.4
1446,13.41
1446,13.41
1447,13.42
1447,13.42
1447,13.43
1447,13.44
1447,13.45
1448,13.45
1448,13.46
1448,13.46
1449,13.47
1449,13.47
1449,13.49
1448,13.49
1449,13.5
1449,13.5
1449,13.51
1450,13.51
1450,13.52
1450,13.53
1450,13.54
1451,13.54
1451,13.55
1451,13.55
1451,13.56
1452,13.57
1452,13.57
1452,13.58
1452,13.58
1452,13.59
1453,13.6
1452,13.61
1453,13.61
1453,13.62
1453,13.62
1454,13.63
1454,13.63
1454,13.64
1454,13.65
1454,13.65
1455,13.66
1455,13.66
1455,13.67
1455,13.67
1455,13.68
1456,13.69
1456,13.69
1456,13.7
1456,13.7
1457,13.71
1456,13.72
1457,13.73
1457,13.73
1457,13.74
1457,13.74
1458,13.75
1458,13.75
1458,13.76
1458,13.77
1458,13.77
1459,13.78
1459,13.78
1459,13.79
1459,13.8
1459,13.81
1460,13.81
1460,13.82
1460,13.82
1460,13.83
1460,13.83
1461,13.84
1461,13.85
1461,13.85
1461,13.86
1462,13.86
1461,13.87
1462,13.88
1462,13.88
1462,13.89
1462,13.89
1462,13.9
1463,13.9
1463,13.91
1463,13.92
1463,13.92
1463,13.93
1463,13.93
1463,13.94
1464,13.94
1464,13.95
1464,13.96
1464,13.96
1464,13.97
1465,13.97
1465,13.98
1465,13.99
1466,13.99
1466,14.0
1466,14.0
1466,14.01
1466,14.01
1466,14.02
1467,14.03
1467,14.03
1467,14.04
1467,14.04
1467,14.05
1467,14.05
1468,14.06
1468,14.07
1468,14.07
1468,14.08
1468,14.08
1469,14.09
1469,14.09
1469,14.1
1469,14.1
1469,14.11
1470,14.11
1470,14.12
1470,14.12
1470,14.13
1470,14.14
1470,14.14
1470,14.15
1471,14.15
1471,14.16
1471,14.17
1471,14.17
1471,14.18
1471,14.18
1472,14.19
1472,14.19
1472,14.2
1472,14.21
1472,14.22
1472,14.22
1473,14.23
1473,14.23
1473,14.23
1473,14.25
1474,14.25
1475,14.26
1479,14.27
1481,14.29
1483,14.31
1489,14.34
1495,14.44
1500,14.53
1504,14.64
1508,14.77
1511,14.91
1514,15.05
1517,15.37
1521,15.54
1524,15.71
1526,15.89
1529,16.06
1532,16.24
1535,16.41
1537,16.75
1540,16.91
1543,17.08
1545,17.24
1547,17.39
1550,17.55
1552,17.84
1554,17.98
1557,18.12
1559,18.26
1561,18.39
1563,18.52
1565,18.77
1567,18.89
1569,19.01
1571,19.12
1572,19.23
1574,19.34
1577,19.45
1578,19.65
1580,19.75
1582,19.84
1584,19.94
1586,20.03
1587,20.12
1589,20.3
1591,20.38
1593,20.46
1594,20.54
1597,20.62
1598,20.7
1599,20.78
1601,20.92
1603,21.0
1604,21.07
1606,21.14
1608,21.2
1609,21.27
1611,21.4
1612,21.46
1614,21.53
1615,21.59
1617,21.65
1619,21.71
1620,21.77
1621,21.88
1623,21.94
1624,21.99
1626,22.04
1627,22.1
1628,22.15
1630,22.2
1631,22.3
1632,22.35
1634,22.4
1635,22.44
1636,22.49
1636,22.54
1636,22.61
1636,22.64
1635,22.67
1635,22.68
1634,22.69
1634,22.7
1634,22.71
1634,22.71
1633,22.71
1633,22.71
1633,22.71
1633,22.7
1633,22.69
1633,22.68
1632,22.67
1632,22.66
1632,22.65
1632,22.64
1632,22.63
1632,22.6
1632,22.59
1631,22.58
1632,22.56
1632,22.55
1632,22.54
1631,22.53
1631,22.5
1631,22.49
1631,22.47
1631,22.46
1631,22.44
1632,22.43
1633,22.41
1635,22.4
1638,22.4
1641,22.4
1645,22.41
1647,22.42
1650,22.43
1653,22.48
1655,22.51
1657,22.55
1659,22.58
1661,22.62
1663,22.67
1665,22.76
1667,22.8
1668,22.85
1670,22.9
1672,22.95
1673,23.0
1675,23.05
1677,23.15
1678,23.2
1680,23.25
1681,23.3
1682,23.34
1684,23.39
1685,23.48
1686,23.53
1687,23.58
1688,23.62
1689,23.67
1691,23.71
1692,23.79
1693,23.83
1694,23.87
1695,23.91
1696,23.95
1696,23.99
1696,24.02
1697,24.09
1698,24.13
1698,24.16
1699,24.19
1700,24.22
1701,24.25
1701,24.3
1702,24.33
1703,24.36
1704,24.38
1705,24.41
1706,24.43
1707,24.46
1708,24.51
1709,24.53
1710,24.56
1710,24.58
1711,24.6
1712,24.62
1713,24.67
1715,24.7
1716,24.72
1717,24.75
1717,24.78
1719,24.8
1720,24.83
1720,24.88
1721,24.91
1723,24.93
1723,24.96
1724,24.99
1726,25.01
1727,25.06
1727,25.09
1728,25.12
1729,25.15
1730,25.17
1730,25.2
1731,25.24
1731,25.26
1733,25.28
1732,25.31
1733,25.33
1733,25.35
1733,25.37
1734,25.39
1734,25.4
1734,25.4
1733,25.41
1733,25.41
1733,25.41
1733,25.41
1732,25.4
1732,25.39
1732,25.39
1731,25.38
1731,25.38
1731,25.37
1730,25.36
1730,25.36
1730,25.36
1729,25.36
1729,25.36
1729,25.37
1729,25.37
1729,25.38
1728,25.39
1728,25.39
1728,25.4
1728,25.41
1728,25.42
1728,25.44
1728,25.45
1728,25.46
1727,25.47
1727,25.48
1727,25.49
1727,25.5
1727,25.53
1727,25.54
1727,25.56
1727,25.57
1727,25.58
1727,25.61
1727,25.62
1727,25.64
1727,25.65
1727,25.67
1727,25.68
1727,25.7
1727,25.72
1727,25.74
1727,25.75
1727,25.77
1727,25.78
1727,25.8
1728,25.83
1727,25.84
1727,25.86
1728,25.88
1728,25.89
1728,25.91
1728,25.92
1728,25.95
1729,25.97
1728,25.99
1729,26.0
1729,26.02
1728,26.03
1729,26.05
1728,26.08
1729,26.1
1729,26.11
1729,26.13
1730,26.15
1729,26.16
1729,26.19
1730,26.21
1730,26.23
1730,26.24
1730,26.26
1730,26.28
1731,26.29
1731,26.32
1731,26.34
1731,26.35
1732,26.37
1731,26.39
1731,26.42
1732,26.44
1732,26.45
1732,26.47
1732,26.48
1733,26.5
1733,26.51
1733,26.55
1733,26.56
1733,26.58
1733,26.59
1733,26.61
1734,26.62
1734,26.64
1734,26.67
1735,26.69
1735,26.7
1735,26.72
1735,26.74
1735,26.75
1736,26.78
1735,26.8
1736,26.81
1736,26.83
1736,26.85
1736,26.86
1736,26.88
1737,26.91
1737,26.92
1737,26.94
1738,26.95
1738,26.97
1738,26.99
1738,27.02
1739,27.03
1739,27.05
1739,27.06
1739,27.08
1739,27.1
1740,27.11
1740,27.14
1740,27.16
1740,27.18
1741,27.19
1741,27.21
1741,27.22
1741,27.25
1741,27.27
1742,27.28
1742,27.3
1742,27.32
1742,27.33
1743,27.35
1743,27.38
1743,27.39
1744,27.41
1744,27.42
1744,27.44
1744,27.45
1745,27.48
1745,27.5
1745,27.51
1745,27.53
1745,27.55
1746,27.56
1746,27.59
1746,27.61
1747,27.62
1747,27.64
1747,27.65
1747,27.67
1748,27.68
1748,27.71
1748,27.73
1749,27.74
1749,27.76
1749,27.77
1749,27.79
1749,27.82
1750,27.83
1750,27.85
1750,27.86
1751,27.88
1751,27.89
1751,27.91
1751,27.94
1752,27.95
1752,27.97
1753,27.98
1753,27.99
1752,28.01
1753,28.04
1754,28.05
1754,28.07
1754,28.08
1754,28.1
1754,28.11
1755,28.13
1755,28.16
1755,28.17
1755,28.18
1756,28.2
1756,28.21
1757,28.23
1757,28.24
1757,28.28
1757,28.29
1758,28.31
1758,28.32
1758,28.34
1758,28.37
1759,28.39
1759,28.4
1759,28.42
1759,28.44
1759,28.46
1760,28.48
1760,28.51
1761,28.53
1761,28.55
1761,28.56
1762,28.58
1762,28.6
1762,28.64
1762,28.66
1762,28.68
1763,28.7
1763,28.72
1764,28.73
1764,28.75
1764,28.79
1765,28.81
1765,28.83
1765,28.85
1765,28.87
1766,28.89
1766,28.93
1766,28.95
1767,28.96
1767,28.98
1767,29.0
1767,29.02
1768,29.04
1768,29.09
1769,29.1
1769,29.12
1769,29.15
1770,29.17
1770,29.19
1770,29.21
1770,29.24
1771,29.26
1771,29.28
1771,29.29
1771,29.3
1772,29.31
1771,29.32
1771,29.32
1773,29.33
1772,29.33
1773,29.33
1773,29.32
1772,29.31
1773,29.31
1773,29.3
1774,29.3
1775,29.29
1776,29.29
1779,29.28
1782,29.28
1785,29.28
1787,29.28
1789,29.28
1790,29.29
1791,29.29
1792,29.3
1793,29.3
1793,29.31
1794,29.33
1794,29.34
1795,29.36
1796,29.38
1797,29.41
1798,29.43
1798,29.44
1799,29.45
1800,29.45
1802,29.46
1804,29.46
1806,29.47
1808,29.47
1811,29.48
1812,29.49
1814,29.49
1816,29.5
1818,29.5
1820,29.5
1822,29.5
1823,29.5
1825,29.51
1825,29.55
1827,29.56
1828,29.59
1828,29.62
1830,29.67
1830,29.71
1832,29.76
1835,29.87
1880,29.94
1945,30.17
1990,30.63
2025,31.19
2054,31.72
2079,32.22
2100,33.03
2117,33.36
2131,33.66
2143,33.91
2153,34.14
2162,34.35
2169,34.7
2175,34.85
2179,34.99
2184,35.12
2188,35.24
2191,35.36
2193,35.46
2196,35.64
2198,35.72
2199,35.81
2201,35.89
2202,35.97
2203,36.06
2204,36.21
2204,36.28
2205,36.34
2204,36.4
2205,36.45
2203,36.49
2204,36.53
2203,36.58
2203,36.61
2202,36.63
2201,36.66
2201,36.68
2199,36.71
2198,36.76
2198,36.78
2197,36.81
2197,36.82
2196,36.84
2196,36.86
2195,36.88
2194,36.89
2194,36.91
2192,36.92
2193,36.94
2192,36.97
2192,36.99
2191,37.05
2189,37.08
2189,37.11
2187,37.14
2187,37.17
2185,37.2
2185,37.26
2184,37.29
2183,37.31
2183,37.34
2180,37.36
2180,37.38
2179,37.4
2178,37.43
2177,37.45
2176,37.47
2176,37.49
2175,37.5
2174,37.51
2173,37.52
2173,37.53
2173,37.53
2172,37.54
2172,37.54
2172,37.55
2172,37.56
2173,37.59
2179,37.61
2193,37.63
2210,37.67
2228,37.78
2246,37.98
2266,38.55
2281,38.88
2291,39.19
2302,39.46
2317,39.72
2338,40.03
2360,40.94
2388,41.5
2418,42.14
2449,42.84
2481,43.6
2497,44.44
2514,45.34
2525,46.2
2534,47.76
2545,48.43
2548,49.03
2557,49.59
2558,50.08
2565,50.94
2567,51.31
2566,51.65
2573,51.96
2571,52.25
2575,52.51
2573,52.75
2577,53.17
2579,53.35
2574,53.52
2579,53.67
2575,53.8
2579,53.92
2575,54.14
2573,54.23
2580,54.31
2573,54.37
2579,54.43
2571,54.48
2576,54.52
2574,54.59
2567,54.61
2576,54.62
2566,54.63
2573,54.63
2566,54.64
2569,54.63
2570,54.59
2560,54.57
2567,54.54
2558,54.51
2562,54.48
2555,54.44
2555,54.37
2559,54.33
2549,54.28
2554,54.24
2547,54.2
2550,54.15
2544,54.11
2541,54.01
2548,53.96
2539,53.91
2544,53.85
2537,53.8
2541,53.69
2540,53.64
2532,53.58
2538,53.53
2531,53.47
2537,53.42
2531,53.36
2533,53.25
2535,53.2
2525,53.17
2541,53.13
2544,53.11
2566,53.15
2577,53.29
2592,53.77
2621,54.08
2622,54.42
2649,54.8
2655,55.19
2677,55.63
2685,56.55
2690,57.04
2722,57.54
2720,58.04
2742,58.56
2744,59.06
2762,59.58
2778,60.59
2769,61.09
2795,61.57
2792,62.05
2812,62.52
2813,62.98
2822,63.85
2844,64.26
2832,64.66
2854,65.04
2849,65.41
2865,65.77
2866,66.12
2865,66.77
2892,67.08
2878,67.37
2897,67.65
2895,67.93
2907,68.19
2912,68.69
2901,68.92
2928,69.15
2918,69.37
2932,69.57
2928,69.77
2940,70.15
2954,70.34
2934,70.52
2954,70.69
2947,70.86
2961,71.02
2957,71.18
2954,71.49
2978,71.63
2961,71.76
2979,71.89
2970,72.02
2981,72.14
2978,72.37
2972,72.49
2997,72.59
2981,72.7
2997,72.8
2992,72.9
3001,72.99
3008,73.17
2990,73.25
3015,73.33
3002,73.41
3012,73.48
3007,73.55
3017,73.68
3030,73.75
3007,73.81
3025,73.88
3017,73.94
3028,74.0
3021,74.06
3014,74.18
3039,74.23
3022,74.28
3037,74.33
3026,74.38
3036,74.43
3035,74.52
3022,74.57
3045,74.61
3029,74.65
3043,74.69
3036,74.72
3042,74.8
3051,74.83
3030,74.87
3051,74.9
3037,74.94
3046,74.97
3040,75.0
3042,75.06
3059,75.09
3035,75.12
3052,75.15
3043,75.18
3052,75.21
3044,75.27
3035,75.3
3062,75.33
3043,75.36
3056,75.39
3046,75.42
3055,75.45
3061,75.5
3040,75.53
3062,75.55
3048,75.57
3062,75.59
3054,75.61
3061,75.65
3072,75.67
3050,75.69
3070,75.7
3057,75.72
3066,75.73
3060,75.75
3057,75.78
3079,75.79
3056,75.8
3072,75.81
3064,75.83
3072,75.84
3065,75.85
3054,75.86
3081,75.87
3065,75.87
3076,75.88
3066,75.88
3075,75.89
3084,75.89
3060,75.9
3081,75.9
3067,75.91
3079,75.91
3071,75.92
3076,75.92
3088,75.92
3064,75.93
3083,75.93
3070,75.93
3078,75.93
3072,75.92
3064,75.92
3090,75.92
3067,75.92
3081,75.92
3072,75.92
3081,75.92
3079,75.93
3062,75.93
3087,75.93
3072,75.93
3084,75.94
3073,75.94
3081,75.94
3093,75.95
3067,75.95
3087,75.95
3072,75.96
3083,75.96
3077,75.96
3075,75.96
3093,75.97
3069,75.97
3088,75.97
3076,75.97
3084,75.97
3076,75.97
3067,75.98
3094,75.98
3073,75.98
3085,75.98
3077,75.99
3087,76.0
3091,76.01
3067,76.02
3091,76.03
3077,76.04
3089,76.05
3079,76.06
3086,76.08
3098,76.1
3074,76.11
3093,76.12
3078,76.13
3088,76.14
3083,76.16
3076,76.17
3098,76.19
3075,76.2
3090,76.21
3083,76.22
3090,76.23
3082,76.26
3072,76.27
3100,76.28
3081,76.29
3092,76.3
3083,76.31
3092,76.32
3101,76.33
3074,76.34
3096,76.35
3083,76.35
3094,76.36
3085,76.36
3089,76.37
3103,76.37
3080,76.37
3097,76.38
3084,76.38
3093,76.38
3086,76.39
3078,76.39
3103,76.4
3080,76.4
3096,76.4
3087,76.4
3095,76.41
3092,76.41
3074,76.42
3102,76.42
3085,76.43
3096,76.43
3086,76.44
3095,76.45
3108,76.46
3079,76.46
3098,76.47
3086,76.48
3098,76.48
3090,76.49
3085,76.51
3107,76.51
3084,76.52
3101,76.52
3088,76.53
3096,76.54
3090,76.55
3080,76.56
3106,76.57
3084,76.57
3099,76.58
3091,76.59
3098,76.59
3102,76.6
3078,76.61
3103,76.61
3088,76.62
3098,76.62
3089,76.62
3097,76.63
3110,76.63
3083,76.64
3100,76.64
3088,76.64
3099,76.64
3091,76.65
3082,76.65
3107,76.66
3085,76.66
3102,76.65
3090,76.65
3096,76.65
3090,76.64
3080,76.64
3105,76.63
3085,76.63
3099,76.62
3091,76.62
3099,76.61
3105,76.6
3079,76.6
3103,76.59
3090,76.58
3098,76.58
3089,76.57
3093,76.56
3108,76.55
3081,76.54
3099,76.54
3087,76.53
3098,76.52
3090,76.51
3079,76.5
3104,76.5
3084,76.49
3099,76.48
3087,76.48
3095,76.47
3095,76.46
3079,76.45
3102,76.44
3084,76.44
3095,76.43
3088,76.43
3094,76.42
3102,76.42
3076,76.42
3098,76.42
3085,76.42
3094,76.42
3084,76.42
3083,76.42
3103,76.42
3079,76.43
3094,76.43
3083,76.43
3090,76.42
3080,76.38
3068,76.32
3085,76.23
3068,76.13
3077,76.0
3063,75.84
3066,75.68
3065,75.3
3046,75.09
3060,74.87
3042,74.65
3049,74.42
3039,74.19
3042,73.94
3043,73.45
3024,73.2
3036,72.96
3021,72.73
3026,72.51
3016,72.07
3009,71.84
3022,71.61
3001,71.39
3008,71.17
2997,70.93
3002,70.71
2992,70.27
2982,70.05
2993,69.84
2978,69.62
2983,69.41
2970,69.21
2972,68.81
2969,68.62
2957,68.44
2960,68.26
2950,68.09
2951,67.93
2943,67.77
2941,67.48
2940,67.34
2930,67.21
2932,67.07
2925,66.93
2925,66.79
2919,66.65
2916,66.33
2917,66.23
2909,66.04
2910,65.9
2904,65.79
2905,65.66
2900,65.41
2897,65.27
2897,65.14
2891,65.03
2892,64.92
2886,64.8
2887,64.67
2885,64.42
2879,64.29
2881,64.18
2875,64.06
2876,63.94
2871,63.71
2870,63.6
2870,63.49
2864,63.38
2865,63.28
2860,63.18
2861,63.08
2856,62.88
2854,62.78
2855,62.69
2849,62.6
2850,62.51
2846,62.43
2847,62.34
2843,62.17
2839,62.09
2841,62.01
2835,61.94
2836,61.86
2831,61.79
2831,61.64
2829,61.57
2824,61.5
2825,61.43
2820,61.37
2820,61.3
2816,61.23
2815,61.1
2814,61.04
2810,60.97
2810,60.91
2806,60.85
2806,60.79
2802,60.68
2799,60.62
2801,60.57
2795,60.52
2796,60.46
2791,60.41
2791,60.36
2789,60.25
2785,60.2
2786,60.14
2782,60.09
2782,60.04
2778,59.98
2778,59.86
2777,59.8
2773,59.74
2774,59.68
2769,59.62
2770,59.56
2766,59.44
2765,59.38
2765,59.32
2761,59.26
2762,59.2
2758,59.14
2758,59.08
2756,58.97
2753,58.91
2754,58.85
2750,58.8
2750,58.74
2747,58.69
2747,58.58
2745,58.52
2742,58.47
2742,58.41
2739,58.36
2739,58.31
2736,58.25
2735,58.14
2735,58.08
2731,58.03
2731,57.97
2728,57.92
2728,57.86
2725,57.76
2723,57.71
2723,57.66
2720,57.61
2720,57.56
2717,57.51
2717,57.45
2715,57.34
2712,57.29
2712,57.24
2710,57.19
2709,57.15
2706,57.1
2706,57.0
2704,56.95
2702,56.91
2702,56.87
2699,56.81
2698,56.76
2695,56.67
2694,56.62
2694,56.57
2690,56.52
2690,56.48
2687,56.43
2687,56.38
2684,56.34
2683,56.24
2683,56.2
2680,56.15
2680,56.1
2678,56.06
2677,55.97
2675,55.92
2673,55.88
2673,55.83
2670,55.79
2670,55.75
2668,55.7
2667,55.62
2666,55.58
2663,55.54
2663,55.5
2661,55.46
2660,55.42
2657,55.34
2656,55.3
2655,55.26
2653,55.22
2653,55.19
2650,55.15
2650,55.12
2648,55.05
2646,55.01
2646,54.98
2644,54.94
2643,54.91
2641,54.88
2640,54.84
2639,54.78
2637,54.74
2636,54.71
2634,54.68
2633,54.64
2632,54.61
2630,54.55
2630,54.52
2627,54.49
2627,54.45
2624,54.43
2623,54.4
2621,54.35
2619,54.2
2617,54.12
2614,54.05
2612,53.98
2609,53.91
2608,53.78
2605,53.71
2601,53.64
2598,53.57
2593,53.5
2592,53.44
2590,53.38
2589,53.25
2588,53.2
2585,53.14
2583,53.08
2580,53.02
2580,52.95
2578,52.88
2576,52.74
2575,52.68
2573,52.62
2573,52.55
2571,52.5
2570,52.44
2568,52.33
2567,52.28
2566,52.24
2564,52.19
2563,52.15
2561,52.11
2560,52.07
2559,51.99
2556,51.96
2556,51.92
2554,51.88
2553,51.85
2551,51.81
2550,51.75
2550,51.71
2547,51.68
2547,51.65
2545,51.62
2544,51.59
2542,51.56
2541,51.5
2540,51.47
2539,51.45
2538,51.42
2536,51.39
2536,51.33
2534,51.29
2532,51.26
2532,51.23
2530,51.2
2530,51.17
2528,51.14
2527,51.08
2526,51.05
2524,51.01
2523,50.98
2522,50.95
2521,50.91
2519,50.88
2518,50.81
2517,50.78
2515,50.71
2514,50.71
2512,50.68
2512,50.65
2511,50.58
2509,50.55
2508,50.52
2506,50.49
2506,50.47
2505,50.44
2504,50.41
2503,50.35
2501,50.32
2501,50.29
2499,50.26
2499,50.24
2497,50.21
2496,50.15
2496,50.12
2494,50.1
2494,50.07
2492,50.04
2492,50.01
2490,49.98
2489,49.93
2489,49.9
2487,49.87
2487,49.85
2485,49.82
2485,49.79
2483,49.74
2482,49.72
2482,49.69
2481,49.67
2480,49.64
2478,49.61
2478,49.56
2477,49.53
2475,49.51
2475,49.48
2474,49.45
2473,49.42
2472,49.4
2471,49.34
2471,49.31
2469,49.29
2469,49.26
2468,49.24
2467,49.21
2465,49.16
2465,49.13
2465,49.1
2463,49.08
2463,49.05
2461,49.02
2461,49.0
2460,48.94
2459,48.92
2458,48.89
2457,48.86
2457,48.84
2456,48.81
2455,48.76
2454,48.73
2453,48.71
2452,48.68
2450,48.66
2451,48.63
2449,48.6
2448,48.55
2448,48.53
2446,48.5
2446,48.48
2444,48.45
2444,48.43
2443,48.38
2442,48.35
2442,48.32
2440,48.3
2440,48.27
2438,48.24
2438,48.19
2437,48.16
2436,48.14
2436,48.11
2434,48.08
2434,48.06
2433,48.03
2432,47.98
2432,47.96
2430,47.93
2430,47.91
2429,47.88
2429,47.86
2427,47.81
2426,47.78
2426,47.76
2425,47.73
2424,47.71
2423,47.68
2423,47.66
2422,47.61
2421,47.59
2420,47.56
2419,47.54
2419,47.51
2418,47.49
2417,47.44
2417,47.42
2415,47.39
2415,47.37
2414,47.34
2413,47.32
2412,47.29
2412,47.25
2411,47.22
2410,47.2
2410,47.17
2409,47.15
2408,47.12
2407,47.1
2406,47.05
2406,47.03
2405,47.0
2405,46.98
2403,46.95
2403,46.93
2402,46.88
2401,46.86
2401,46.83
2400,46.81
2400,46.79
2398,46.76
2398,46.74
2398,46.69
2397,46.67
2396,46.64
2395,46.62
2395,46.59
2393,46.54
2393,46.52
2392,46.49
2391,46.47
2391,46.44
2390,46.42
2390,46.39
2388,46.34
2387,46.32
2387,46.29
2386,46.27
2386,46.24
2384,46.22
2385,46.19
2384,46.14
2383,46.12
2382,46.09
2381,46.07
2381,46.04
2379,46.02
2379,45.97
2379,45.95
2378,45.92
2378,45.9
2376,45.87
2376,45.85
2375,45.83
2374,45.78
2374,45.75
2373,45.73
2373,45.71
2371,45.68
2371,45.66
2370,45.61
2369,45.59
2369,45.56
2368,45.54
2368,45.52
2366,45.5
2366,45.47
2365,45.42
2365,45.4
2365,45.38
2363,45.35
2363,45.33
2362,45.31
2361,45.26
2361,45.24
2360,45.21
2360,45.19
2358,45.17
2359,45.14
2357,45.1
2357,45.07
2356,45.05
2355,45.03
2355,45.0
2354,44.98
2354,44.96
2353,44.91
2352,44.89
2352,44.86
2351,44.84
2351,44.81
2350,44.79
2350,44.74
2349,44.71
2348,44.68
2348,44.65
2346,44.63
2346,44.6
2345,44.57
2345,44.52
2344,44.49
2343,44.46
2343,44.44
2342,44.41
2342,44.38
2341,44.33
2340,44.3
2340,44.27
2339,44.25
2339,44.22
2338,44.19
2337,44.17
2337,44.11
2335,44.09
2336,44.06
2335,44.03
2335,44.01
2334,43.98
2333,43.93
2333,43.9
2332,43.88
2332,43.85
2331,43.83
2331,43.8
2330,43.75
2329,43.73
2329,43.7
2328,43.68
2328,43.65
2327,43.63
2326,43.6
2326,43.55
2325,43.53
2325,43.5
2324,43.47
2324,43.45
2323,43.42
2322,43.36
2322,43.34
2321,43.31
2321,43.28
2320,43.26
2320,43.23
2319,43.2
2318,43.15
2318,43.12
2316,43.1
2317,43.07
2315,43.05
2315,43.02
2314,42.98
2313,42.95
2313,42.93
2313,42.9
2312,42.88
2311,42.86
2311,42.83
2311,42.78
2309,42.76
2309,42.74
2308,42.71
2308,42.69
2307,42.66
2307,42.64
2306,42.59
2305,42.57
2305,42.55
2304,42.53
2304,42.51
2303,42.46
2302,42.44
2302,42.42
2301,42.4
2301,42.37
2300,42.35
2300,42.33
2299,42.28
2298,42.26
2299,42.26
2296,42.25
2296,42.21
2295,42.15
2295,41.92
2294,41.76
2293,41.57
2293,41.38
2291,41.19
2291,41.0
2290,40.82
2290,40.45
2289,40.23
2288,40.0
2288,39.76
2287,39.54
2286,39.3
2285,39.06
2284,38.59
2285,38.36
2283,38.15
2283,37.93
2282,37.72
2282,37.51
2281,37.12
2280,36.94
2280,36.76
2278,36.59
2279,36.42
2277,36.26
2277,36.11
2276,35.82
2275,35.68
2275,35.55
2274,35.43
2274,35.3
2272,35.07
2272,34.96
2272,34.86
2271,34.75
2271,34.65
2269,34.56
2269,34.47
2268,34.3
2267,34.21
2267,34.13
2266,34.06
2266,33.98
2264,33.91
2264,33.84
2264,33.71
2262,33.65
2262,33.59
2260,33.54
2261,33.49
2259,33.45
2259,33.37
2258,33.33
2257,33.29
2257,33.26
2256,33.23
2255,33.19
2254,33.16
2253,33.1
2254,33.06
2252,33.03
2252,33.0
2250,32.97
2250,32.94
2249,32.89
2248,32.86
2248,32.83
2246,32.8
2246,32.77
2245,32.74
2245,32.71
2244,32.64
2242,32.61
2243,32.58
2241,32.55
2241,32.52
2239,32.46
2239,32.43
2239,32.4
2237,32.38
2237,32.35
2235,32.32
2235,32.3
2234,32.25
2233,32.23
2233,32.21
2232,32.19
2232,32.17
2230,32.15
2230,32.13
2229,32.09
2228,32.07
2229,32.08
2226,32.08
2226,32.03
2225,31.98
2224,31.96
2224,31.95
2223,31.95
2223,31.96
2221,31.96
2221,31.97
2220,31.98
2219,32.0
2219,32.02
2218,32.03
2218,32.05
2216,32.06
2216,32.08
2215,32.12
2215,32.14
2215,32.16
2213,32.17
2213,32.19
2212,32.21
2211,32.23
2211,32.27
2210,32.28
2210,32.3
2209,32.32
2208,32.34
2208,32.37
2207,32.4
2207,32.42
2206,32.43
2206,32.45
2203,32.48
2204,32.5
2202,32.5
2202,32.48
2203,32.44
2199,32.4
2201,32.35
2198,32.29
2200,32.23
2198,32.19
2196,32.06
2198,32.01
2195,31.96
2196,31.91
2193,31.86
2195,31.77
2194,31.73
2191,31.69
2192,31.64
2190,31.59
2190,31.55
2189,31.51
2189,31.44
2189,31.41
2187,31.38
2187,31.35
2186,31.32
2186,31.29
2185,31.24
2184,31.22
2183,31.2
2182,31.18
2183,31.17
2182,31.16
2181,31.16
2181,31.16
2180,31.16
2180,31.17
2179,31.18
2179,31.19
2177,31.2
2177,31.22
2176,31.23
2175,31.25
2176,31.26
2174,31.27
2174,31.29
2173,31.3
2173,31.33
2173,31.35
2172,31.36
2172,31.38
2171,31.39
2171,31.41
2170,31.42
2170,31.45
2169,31.46
2168,31.47
2168,31.49
2167,31.5
2167,31.53
2166,31.54
2165,31.55
2165,31.56
2164,31.58
2164,31.59
2163,31.6
2163,31.63
2162,31.64
2162,31.65
2162,31.66
2161,31.94
2161,31.94
2160,31.94
2159,31.94
2159,31.94
2158,31.95
2158,31.95
2157,31.95
2157,31.95
2157,31.95
2156,31.95
2156,31.95
2155,31.95
2155,31.96
2154,31.96
2154,31.96
2153,31.96
2152,31.97
2152,31.97
2151,31.97
2151,31.97
2150,31.97
2150,31.97
2150,31.97
2149,31.97
2149,31.97
2148,31.98
2148,31.98
2147,31.98
2146,31.98
2147,31.99
2146,31.99
2146,31.99
2145,31.99
2145,32.0
2144,32.0
2143,32.01
2143,32.02
2142,32.02
2142,32.03
2141,32.04
2141,32.05
2141,32.05
2140,32.06
2140,32.06
2139,32.07
2139,32.08
2138,32.08
2138,32.1
2138,32.1
2137,32.11
2136,32.11
2136,32.12
2136,32.12
2135,32.14
2135,32.14
2134,32.14
2133,32.14
2133,32.14
2133,32.14
2133,32.14
2132,32.14
2131,32.13
2131,32.13
2130,32.13
2130,32.13
2129,32.13
2129,32.13
2128,32.13
2128,32.13
2128,32.13
2127,32.13
2127,32.13
2126,32.13
2126,32.13
2125,32.13
2124,32.12
2124,32.12
2124,32.12
2124,32.12
2123,32.12
2123,32.12
2123,32.12
2121,32.12
2122,32.12
2121,32.12
2121,32.12
2121,32.12
2120,32.12
2119,32.12
2119,32.12
2119,32.12
2118,32.12
2118,32.12
2118,32.12
2116,32.12
2117,32.12
2116,32.12
2116,32.12
2115,32.11
2115,32.11
2114,32.11
2114,32.11
2114,32.11
2113,32.11
2113,32.11
2112,32.11
2111,32.11
2112,32.11
2111,32.11
2111,32.11
2111,32.11
2110,32.11
2110,32.11
2109,32.11
2109,32.11
2109,32.11
2108,32.11
